0,1,2,3,4,5
,0000111,"(89, 178) - 0",[] - ,"[(129, 182), (240, 115), (144, 141), (123, 113), (95, 132), (8, 74)] - 000111",B
,0000111,"(129, 182) - 0",[] - ,"[(89, 178), (240, 115), (144, 141), (123, 113), (95, 132), (8, 74)] - 000111",B
,0000111,"(129, 182) - 0","[(89, 178), (8, 74)] - 01","[(240, 115), (144, 141), (123, 113), (95, 132)] - 0011",B
,0000111,"(240, 115) - 0",[] - ,"[(89, 178), (129, 182), (144, 141), (123, 113), (95, 132), (8, 74)] - 000111",B
,0000111,"(89, 178) - 0","[(129, 182)] - 0","[(240, 115), (144, 141), (123, 113), (95, 132), (8, 74)] - 00111",I
,0000111,"(89, 178) - 0","[(8, 74)] - 1","[(129, 182), (240, 115), (144, 141), (123, 113), (95, 132)] - 00011",I
,0000111,"(89, 178) - 0","[(129, 182), (240, 115)] - 00","[(144, 141), (123, 113), (95, 132), (8, 74)] - 0111",I
,0000111,"(89, 178) - 0","[(129, 182), (240, 115), (144, 141), (123, 113)] - 0001","[(95, 132), (8, 74)] - 11",I
,0000111,"(89, 178) - 0","[(129, 182), (240, 115), (144, 141)] - 000","[(123, 113), (95, 132), (8, 74)] - 111",I
,0000111,"(129, 182) - 0","[(89, 178)] - 0","[(240, 115), (144, 141), (123, 113), (95, 132), (8, 74)] - 00111",I
,0000111,"(129, 182) - 0","[(240, 115)] - 0","[(89, 178), (144, 141), (123, 113), (95, 132), (8, 74)] - 00111",I
,0000111,"(129, 182) - 0","[(240, 115), (144, 141)] - 00","[(89, 178), (123, 113), (95, 132), (8, 74)] - 0111",I
,0000111,"(129, 182) - 0","[(240, 115), (144, 141), (123, 113)] - 001","[(89, 178), (95, 132), (8, 74)] - 011",I
,0000111,"(240, 115) - 0","[(89, 178), (129, 182), (144, 141), (123, 113), (95, 132)] - 00011","[(8, 74)] - 1",I
,0000111,"(240, 115) - 0","[(89, 178), (129, 182)] - 00","[(144, 141), (123, 113), (95, 132), (8, 74)] - 0111",I
,0000111,"(240, 115) - 0","[(89, 178), (129, 182), (144, 141), (95, 132)] - 0001","[(123, 113), (8, 74)] - 11",I
,0000111,"(240, 115) - 0","[(89, 178), (129, 182), (144, 141)] - 000","[(123, 113), (95, 132), (8, 74)] - 111",I
,0000111,"(144, 141) - 0","[(89, 178), (129, 182), (240, 115)] - 000","[(123, 113), (95, 132), (8, 74)] - 111",I
,0000111,"(123, 113) - 1","[(89, 178), (129, 182), (240, 115), (144, 141), (95, 132)] - 00001","[(8, 74)] - 1",I
,0000111,"(123, 113) - 1","[(89, 178), (129, 182), (240, 115), (144, 141)] - 0000","[(95, 132), (8, 74)] - 11",I
,0000111,"(95, 132) - 1","[(89, 178), (129, 182), (240, 115), (144, 141), (123, 113)] - 00001","[(8, 74)] - 1",I
,0000111,"(8, 74) - 1",[] - ,"[(89, 178), (129, 182), (240, 115), (144, 141), (123, 113), (95, 132)] - 000011",I
,0001011,"(89, 178) - 0",[] - ,"[(129, 182), (240, 115), (144, 141), (123, 113), (95, 132), (8, 74)] - 001011",B
,0001011,"(129, 182) - 0",[] - ,"[(89, 178), (240, 115), (144, 141), (123, 113), (95, 132), (8, 74)] - 001011",B
,0001011,"(129, 182) - 0","[(89, 178), (8, 74)] - 01","[(240, 115), (144, 141), (123, 113), (95, 132)] - 0101",B
,0001011,"(129, 182) - 0","[(240, 115), (144, 141)] - 01","[(89, 178), (123, 113), (95, 132), (8, 74)] - 0011",B
,0001011,"(240, 115) - 0",[] - ,"[(89, 178), (129, 182), (144, 141), (123, 113), (95, 132), (8, 74)] - 001011",B
,0001011,"(240, 115) - 0","[(89, 178), (129, 182), (144, 141), (95, 132)] - 0011","[(123, 113), (8, 74)] - 01",B
,0001011,"(89, 178) - 0","[(129, 182)] - 0","[(240, 115), (144, 141), (123, 113), (95, 132), (8, 74)] - 01011",I
,0001011,"(89, 178) - 0","[(8, 74)] - 1","[(129, 182), (240, 115), (144, 141), (123, 113), (95, 132)] - 00101",I
,0001011,"(89, 178) - 0","[(129, 182), (240, 115)] - 00","[(144, 141), (123, 113), (95, 132), (8, 74)] - 1011",I
,0001011,"(89, 178) - 0","[(129, 182), (240, 115), (144, 141), (123, 113)] - 0010","[(95, 132), (8, 74)] - 11",I
,0001011,"(89, 178) - 0","[(129, 182), (240, 115), (144, 141)] - 001","[(123, 113), (95, 132), (8, 74)] - 011",I
,0001011,"(129, 182) - 0","[(89, 178)] - 0","[(240, 115), (144, 141), (123, 113), (95, 132), (8, 74)] - 01011",I
,0001011,"(129, 182) - 0","[(240, 115)] - 0","[(89, 178), (144, 141), (123, 113), (95, 132), (8, 74)] - 01011",I
,0001011,"(129, 182) - 0","[(240, 115), (144, 141), (123, 113)] - 010","[(89, 178), (95, 132), (8, 74)] - 011",I
,0001011,"(240, 115) - 0","[(89, 178), (129, 182), (144, 141), (123, 113), (95, 132)] - 00101","[(8, 74)] - 1",I
,0001011,"(240, 115) - 0","[(89, 178), (129, 182)] - 00","[(144, 141), (123, 113), (95, 132), (8, 74)] - 1011",I
,0001011,"(240, 115) - 0","[(89, 178), (129, 182), (144, 141)] - 001","[(123, 113), (95, 132), (8, 74)] - 011",I
,0001011,"(144, 141) - 1","[(89, 178), (129, 182), (240, 115)] - 000","[(123, 113), (95, 132), (8, 74)] - 011",I
,0001011,"(123, 113) - 0","[(89, 178), (129, 182), (240, 115), (144, 141), (95, 132)] - 00011","[(8, 74)] - 1",I
,0001011,"(123, 113) - 0","[(89, 178), (129, 182), (240, 115), (144, 141)] - 0001","[(95, 132), (8, 74)] - 11",I
,0001011,"(95, 132) - 1","[(89, 178), (129, 182), (240, 115), (144, 141), (123, 113)] - 00010","[(8, 74)] - 1",I
,0001011,"(8, 74) - 1",[] - ,"[(89, 178), (129, 182), (240, 115), (144, 141), (123, 113), (95, 132)] - 000101",I
,0001101,"(89, 178) - 0",[] - ,"[(129, 182), (240, 115), (144, 141), (123, 113), (95, 132), (8, 74)] - 001101",B
,0001101,"(89, 178) - 0","[(129, 182), (240, 115), (144, 141), (123, 113)] - 0011","[(95, 132), (8, 74)] - 01",B
,0001101,"(129, 182) - 0",[] - ,"[(89, 178), (240, 115), (144, 141), (123, 113), (95, 132), (8, 74)] - 001101",B
,0001101,"(129, 182) - 0","[(89, 178), (8, 74)] - 01","[(240, 115), (144, 141), (123, 113), (95, 132)] - 0110",B
,0001101,"(129, 182) - 0","[(240, 115), (144, 141)] - 01","[(89, 178), (123, 113), (95, 132), (8, 74)] - 0101",B
,0001101,"(240, 115) - 0",[] - ,"[(89, 178), (129, 182), (144, 141), (123, 113), (95, 132), (8, 74)] - 001101",B
,0001101,"(89, 178) - 0","[(129, 182)] - 0","[(240, 115), (144, 141), (123, 113), (95, 132), (8, 74)] - 01101",I
,0001101,"(89, 178) - 0","[(8, 74)] - 1","[(129, 182), (240, 115), (144, 141), (123, 113), (95, 132)] - 00110",I
,0001101,"(89, 178) - 0","[(129, 182), (240, 115)] - 00","[(144, 141), (123, 113), (95, 132), (8, 74)] - 1101",I
,0001101,"(89, 178) - 0","[(129, 182), (240, 115), (144, 141)] - 001","[(123, 113), (95, 132), (8, 74)] - 101",I
,0001101,"(129, 182) - 0","[(89, 178)] - 0","[(240, 115), (144, 141), (123, 113), (95, 132), (8, 74)] - 01101",I
,0001101,"(129, 182) - 0","[(240, 115)] - 0","[(89, 178), (144, 141), (123, 113), (95, 132), (8, 74)] - 01101",I
,0001101,"(129, 182) - 0","[(240, 115), (144, 141), (123, 113)] - 011","[(89, 178), (95, 132), (8, 74)] - 001",I
,0001101,"(240, 115) - 0","[(89, 178), (129, 182), (144, 141), (123, 113), (95, 132)] - 00110","[(8, 74)] - 1",I
,0001101,"(240, 115) - 0","[(89, 178), (129, 182)] - 00","[(144, 141), (123, 113), (95, 132), (8, 74)] - 1101",I
,0001101,"(240, 115) - 0","[(89, 178), (129, 182), (144, 141), (95, 132)] - 0010","[(123, 113), (8, 74)] - 11",I
,0001101,"(240, 115) - 0","[(89, 178), (129, 182), (144, 141)] - 001","[(123, 113), (95, 132), (8, 74)] - 101",I
,0001101,"(144, 141) - 1","[(89, 178), (129, 182), (240, 115)] - 000","[(123, 113), (95, 132), (8, 74)] - 101",I
,0001101,"(123, 113) - 1","[(89, 178), (129, 182), (240, 115), (144, 141), (95, 132)] - 00010","[(8, 74)] - 1",I
,0001101,"(123, 113) - 1","[(89, 178), (129, 182), (240, 115), (144, 141)] - 0001","[(95, 132), (8, 74)] - 01",I
,0001101,"(95, 132) - 0","[(89, 178), (129, 182), (240, 115), (144, 141), (123, 113)] - 00011","[(8, 74)] - 1",I
,0001101,"(8, 74) - 1",[] - ,"[(89, 178), (129, 182), (240, 115), (144, 141), (123, 113), (95, 132)] - 000110",I
,0001110,"(89, 178) - 0",[] - ,"[(129, 182), (240, 115), (144, 141), (123, 113), (95, 132), (8, 74)] - 001110",B
,0001110,"(89, 178) - 0","[(129, 182), (240, 115), (144, 141), (123, 113)] - 0011","[(95, 132), (8, 74)] - 10",B
,0001110,"(129, 182) - 0",[] - ,"[(89, 178), (240, 115), (144, 141), (123, 113), (95, 132), (8, 74)] - 001110",B
,0001110,"(129, 182) - 0","[(240, 115), (144, 141)] - 01","[(89, 178), (123, 113), (95, 132), (8, 74)] - 0110",B
,0001110,"(240, 115) - 0",[] - ,"[(89, 178), (129, 182), (144, 141), (123, 113), (95, 132), (8, 74)] - 001110",B
,0001110,"(240, 115) - 0","[(89, 178), (129, 182), (144, 141), (95, 132)] - 0011","[(123, 113), (8, 74)] - 10",B
,0001110,"(123, 113) - 1","[(89, 178), (129, 182), (240, 115), (144, 141), (95, 132)] - 00011","[(8, 74)] - 0",B
,0001110,"(95, 132) - 1","[(89, 178), (129, 182), (240, 115), (144, 141), (123, 113)] - 00011","[(8, 74)] - 0",B
,0001110,"(8, 74) - 0",[] - ,"[(89, 178), (129, 182), (240, 115), (144, 141), (123, 113), (95, 132)] - 000111",B
,0001110,"(89, 178) - 0","[(129, 182)] - 0","[(240, 115), (144, 141), (123, 113), (95, 132), (8, 74)] - 01110",I
,0001110,"(89, 178) - 0","[(8, 74)] - 0","[(129, 182), (240, 115), (144, 141), (123, 113), (95, 132)] - 00111",I
,0001110,"(89, 178) - 0","[(129, 182), (240, 115)] - 00","[(144, 141), (123, 113), (95, 132), (8, 74)] - 1110",I
,0001110,"(89, 178) - 0","[(129, 182), (240, 115), (144, 141)] - 001","[(123, 113), (95, 132), (8, 74)] - 110",I
,0001110,"(129, 182) - 0","[(89, 178)] - 0","[(240, 115), (144, 141), (123, 113), (95, 132), (8, 74)] - 01110",I
,0001110,"(129, 182) - 0","[(240, 115)] - 0","[(89, 178), (144, 141), (123, 113), (95, 132), (8, 74)] - 01110",I
,0001110,"(129, 182) - 0","[(89, 178), (8, 74)] - 00","[(240, 115), (144, 141), (123, 113), (95, 132)] - 0111",I
,0001110,"(129, 182) - 0","[(240, 115), (144, 141), (123, 113)] - 011","[(89, 178), (95, 132), (8, 74)] - 010",I
,0001110,"(240, 115) - 0","[(89, 178), (129, 182), (144, 141), (123, 113), (95, 132)] - 00111","[(8, 74)] - 0",I
,0001110,"(240, 115) - 0","[(89, 178), (129, 182)] - 00","[(144, 141), (123, 113), (95, 132), (8, 74)] - 1110",I
,0001110,"(240, 115) - 0","[(89, 178), (129, 182), (144, 141)] - 001","[(123, 113), (95, 132), (8, 74)] - 110",I
,0001110,"(144, 141) - 1","[(89, 178), (129, 182), (240, 115)] - 000","[(123, 113), (95, 132), (8, 74)] - 110",I
,0001110,"(123, 113) - 1","[(89, 178), (129, 182), (240, 115), (144, 141)] - 0001","[(95, 132), (8, 74)] - 10",I
,0010011,"(89, 178) - 0",[] - ,"[(129, 182), (240, 115), (144, 141), (123, 113), (95, 132), (8, 74)] - 010011",B
,0010011,"(89, 178) - 0","[(129, 182), (240, 115)] - 01","[(144, 141), (123, 113), (95, 132), (8, 74)] - 0011",B
,0010011,"(129, 182) - 0",[] - ,"[(89, 178), (240, 115), (144, 141), (123, 113), (95, 132), (8, 74)] - 010011",B
,0010011,"(129, 182) - 0","[(89, 178), (8, 74)] - 01","[(240, 115), (144, 141), (123, 113), (95, 132)] - 1001",B
,0010011,"(129, 182) - 0","[(240, 115), (144, 141)] - 10","[(89, 178), (123, 113), (95, 132), (8, 74)] - 0011",B
,0010011,"(89, 178) - 0","[(129, 182)] - 0","[(240, 115), (144, 141), (123, 113), (95, 132), (8, 74)] - 10011",I
,0010011,"(89, 178) - 0","[(8, 74)] - 1","[(129, 182), (240, 115), (144, 141), (123, 113), (95, 132)] - 01001",I
,0010011,"(89, 178) - 0","[(129, 182), (240, 115), (144, 141), (123, 113)] - 0100","[(95, 132), (8, 74)] - 11",I
,0010011,"(89, 178) - 0","[(129, 182), (240, 115), (144, 141)] - 010","[(123, 113), (95, 132), (8, 74)] - 011",I
,0010011,"(129, 182) - 0","[(89, 178)] - 0","[(240, 115), (144, 141), (123, 113), (95, 132), (8, 74)] - 10011",I
,0010011,"(129, 182) - 0","[(240, 115)] - 1","[(89, 178), (144, 141), (123, 113), (95, 132), (8, 74)] - 00011",I
,0010011,"(129, 182) - 0","[(240, 115), (144, 141), (123, 113)] - 100","[(89, 178), (95, 132), (8, 74)] - 011",I
,0010011,"(240, 115) - 1",[] - ,"[(89, 178), (129, 182), (144, 141), (123, 113), (95, 132), (8, 74)] - 000011",I
,0010011,"(240, 115) - 1","[(89, 178), (129, 182), (144, 141), (123, 113), (95, 132)] - 00001","[(8, 74)] - 1",I
,0010011,"(240, 115) - 1","[(89, 178), (129, 182)] - 00","[(144, 141), (123, 113), (95, 132), (8, 74)] - 0011",I
,0010011,"(240, 115) - 1","[(89, 178), (129, 182), (144, 141), (95, 132)] - 0001","[(123, 113), (8, 74)] - 01",I
,0010011,"(240, 115) - 1","[(89, 178), (129, 182), (144, 141)] - 000","[(123, 113), (95, 132), (8, 74)] - 011",I
,0010011,"(144, 141) - 0","[(89, 178), (129, 182), (240, 115)] - 001","[(123, 113), (95, 132), (8, 74)] - 011",I
,0010011,"(123, 113) - 0","[(89, 178), (129, 182), (240, 115), (144, 141), (95, 132)] - 00101","[(8, 74)] - 1",I
,0010011,"(123, 113) - 0","[(89, 178), (129, 182), (240, 115), (144, 141)] - 0010","[(95, 132), (8, 74)] - 11",I
,0010011,"(95, 132) - 1","[(89, 178), (129, 182), (240, 115), (144, 141), (123, 113)] - 00100","[(8, 74)] - 1",I
,0010011,"(8, 74) - 1",[] - ,"[(89, 178), (129, 182), (240, 115), (144, 141), (123, 113), (95, 132)] - 001001",I
,0010101,"(89, 178) - 0",[] - ,"[(129, 182), (240, 115), (144, 141), (123, 113), (95, 132), (8, 74)] - 010101",B
,0010101,"(89, 178) - 0","[(129, 182), (240, 115)] - 01","[(144, 141), (123, 113), (95, 132), (8, 74)] - 0101",B
,0010101,"(89, 178) - 0","[(129, 182), (240, 115), (144, 141), (123, 113)] - 0101","[(95, 132), (8, 74)] - 01",B
,0010101,"(129, 182) - 0",[] - ,"[(89, 178), (240, 115), (144, 141), (123, 113), (95, 132), (8, 74)] - 010101",B
,0010101,"(129, 182) - 0","[(89, 178), (8, 74)] - 01","[(240, 115), (144, 141), (123, 113), (95, 132)] - 1010",B
,0010101,"(129, 182) - 0","[(240, 115), (144, 141)] - 10","[(89, 178), (123, 113), (95, 132), (8, 74)] - 0101",B
,0010101,"(89, 178) - 0","[(129, 182)] - 0","[(240, 115), (144, 141), (123, 113), (95, 132), (8, 74)] - 10101",I
,0010101,"(89, 178) - 0","[(8, 74)] - 1","[(129, 182), (240, 115), (144, 141), (123, 113), (95, 132)] - 01010",I
,0010101,"(89, 178) - 0","[(129, 182), (240, 115), (144, 141)] - 010","[(123, 113), (95, 132), (8, 74)] - 101",I
,0010101,"(129, 182) - 0","[(89, 178)] - 0","[(240, 115), (144, 141), (123, 113), (95, 132), (8, 74)] - 10101",I
,0010101,"(129, 182) - 0","[(240, 115)] - 1","[(89, 178), (144, 141), (123, 113), (95, 132), (8, 74)] - 00101",I
,0010101,"(129, 182) - 0","[(240, 115), (144, 141), (123, 113)] - 101","[(89, 178), (95, 132), (8, 74)] - 001",I
,0010101,"(240, 115) - 1",[] - ,"[(89, 178), (129, 182), (144, 141), (123, 113), (95, 132), (8, 74)] - 000101",I
,0010101,"(240, 115) - 1","[(89, 178), (129, 182), (144, 141), (123, 113), (95, 132)] - 00010","[(8, 74)] - 1",I
,0010101,"(240, 115) - 1","[(89, 178), (129, 182)] - 00","[(144, 141), (123, 113), (95, 132), (8, 74)] - 0101",I
,0010101,"(240, 115) - 1","[(89, 178), (129, 182), (144, 141), (95, 132)] - 0000","[(123, 113), (8, 74)] - 11",I
,0010101,"(240, 115) - 1","[(89, 178), (129, 182), (144, 141)] - 000","[(123, 113), (95, 132), (8, 74)] - 101",I
,0010101,"(144, 141) - 0","[(89, 178), (129, 182), (240, 115)] - 001","[(123, 113), (95, 132), (8, 74)] - 101",I
,0010101,"(123, 113) - 1","[(89, 178), (129, 182), (240, 115), (144, 141), (95, 132)] - 00100","[(8, 74)] - 1",I
,0010101,"(123, 113) - 1","[(89, 178), (129, 182), (240, 115), (144, 141)] - 0010","[(95, 132), (8, 74)] - 01",I
,0010101,"(95, 132) - 0","[(89, 178), (129, 182), (240, 115), (144, 141), (123, 113)] - 00101","[(8, 74)] - 1",I
,0010101,"(8, 74) - 1",[] - ,"[(89, 178), (129, 182), (240, 115), (144, 141), (123, 113), (95, 132)] - 001010",I
,0010110,"(89, 178) - 0",[] - ,"[(129, 182), (240, 115), (144, 141), (123, 113), (95, 132), (8, 74)] - 010110",B
,0010110,"(89, 178) - 0","[(129, 182), (240, 115)] - 01","[(144, 141), (123, 113), (95, 132), (8, 74)] - 0110",B
,0010110,"(89, 178) - 0","[(129, 182), (240, 115), (144, 141), (123, 113)] - 0101","[(95, 132), (8, 74)] - 10",B
,0010110,"(129, 182) - 0",[] - ,"[(89, 178), (240, 115), (144, 141), (123, 113), (95, 132), (8, 74)] - 010110",B
,0010110,"(129, 182) - 0","[(240, 115), (144, 141)] - 10","[(89, 178), (123, 113), (95, 132), (8, 74)] - 0110",B
,0010110,"(240, 115) - 1","[(89, 178), (129, 182), (144, 141), (123, 113), (95, 132)] - 00011","[(8, 74)] - 0",B
,0010110,"(123, 113) - 1","[(89, 178), (129, 182), (240, 115), (144, 141), (95, 132)] - 00101","[(8, 74)] - 0",B
,0010110,"(95, 132) - 1","[(89, 178), (129, 182), (240, 115), (144, 141), (123, 113)] - 00101","[(8, 74)] - 0",B
,0010110,"(8, 74) - 0",[] - ,"[(89, 178), (129, 182), (240, 115), (144, 141), (123, 113), (95, 132)] - 001011",B
,0010110,"(89, 178) - 0","[(129, 182)] - 0","[(240, 115), (144, 141), (123, 113), (95, 132), (8, 74)] - 10110",I
,0010110,"(89, 178) - 0","[(8, 74)] - 0","[(129, 182), (240, 115), (144, 141), (123, 113), (95, 132)] - 01011",I
,0010110,"(89, 178) - 0","[(129, 182), (240, 115), (144, 141)] - 010","[(123, 113), (95, 132), (8, 74)] - 110",I
,0010110,"(129, 182) - 0","[(89, 178)] - 0","[(240, 115), (144, 141), (123, 113), (95, 132), (8, 74)] - 10110",I
,0010110,"(129, 182) - 0","[(240, 115)] - 1","[(89, 178), (144, 141), (123, 113), (95, 132), (8, 74)] - 00110",I
,0010110,"(129, 182) - 0","[(89, 178), (8, 74)] - 00","[(240, 115), (144, 141), (123, 113), (95, 132)] - 1011",I
,0010110,"(129, 182) - 0","[(240, 115), (144, 141), (123, 113)] - 101","[(89, 178), (95, 132), (8, 74)] - 010",I
,0010110,"(240, 115) - 1",[] - ,"[(89, 178), (129, 182), (144, 141), (123, 113), (95, 132), (8, 74)] - 000110",I
,0010110,"(240, 115) - 1","[(89, 178), (129, 182)] - 00","[(144, 141), (123, 113), (95, 132), (8, 74)] - 0110",I
,0010110,"(240, 115) - 1","[(89, 178), (129, 182), (144, 141), (95, 132)] - 0001","[(123, 113), (8, 74)] - 10",I
,0010110,"(240, 115) - 1","[(89, 178), (129, 182), (144, 141)] - 000","[(123, 113), (95, 132), (8, 74)] - 110",I
,0010110,"(144, 141) - 0","[(89, 178), (129, 182), (240, 115)] - 001","[(123, 113), (95, 132), (8, 74)] - 110",I
,0010110,"(123, 113) - 1","[(89, 178), (129, 182), (240, 115), (144, 141)] - 0010","[(95, 132), (8, 74)] - 10",I
,0011001,"(89, 178) - 0",[] - ,"[(129, 182), (240, 115), (144, 141), (123, 113), (95, 132), (8, 74)] - 011001",B
,0011001,"(89, 178) - 0","[(129, 182), (240, 115)] - 01","[(144, 141), (123, 113), (95, 132), (8, 74)] - 1001",B
,0011001,"(89, 178) - 0","[(129, 182), (240, 115), (144, 141), (123, 113)] - 0110","[(95, 132), (8, 74)] - 01",B
,0011001,"(129, 182) - 0",[] - ,"[(89, 178), (240, 115), (144, 141), (123, 113), (95, 132), (8, 74)] - 011001",B
,0011001,"(129, 182) - 0","[(89, 178), (8, 74)] - 01","[(240, 115), (144, 141), (123, 113), (95, 132)] - 1100",B
,0011001,"(240, 115) - 1","[(89, 178), (129, 182), (144, 141)] - 001","[(123, 113), (95, 132), (8, 74)] - 001",B
,0011001,"(144, 141) - 1","[(89, 178), (129, 182), (240, 115)] - 001","[(123, 113), (95, 132), (8, 74)] - 001",B
,0011001,"(123, 113) - 0","[(89, 178), (129, 182), (240, 115), (144, 141)] - 0011","[(95, 132), (8, 74)] - 01",B
,0011001,"(89, 178) - 0","[(129, 182)] - 0","[(240, 115), (144, 141), (123, 113), (95, 132), (8, 74)] - 11001",I
,0011001,"(89, 178) - 0","[(8, 74)] - 1","[(129, 182), (240, 115), (144, 141), (123, 113), (95, 132)] - 01100",I
,0011001,"(89, 178) - 0","[(129, 182), (240, 115), (144, 141)] - 011","[(123, 113), (95, 132), (8, 74)] - 001",I
,0011001,"(129, 182) - 0","[(89, 178)] - 0","[(240, 115), (144, 141), (123, 113), (95, 132), (8, 74)] - 11001",I
,0011001,"(129, 182) - 0","[(240, 115)] - 1","[(89, 178), (144, 141), (123, 113), (95, 132), (8, 74)] - 01001",I
,0011001,"(129, 182) - 0","[(240, 115), (144, 141)] - 11","[(89, 178), (123, 113), (95, 132), (8, 74)] - 0001",I
,0011001,"(129, 182) - 0","[(240, 115), (144, 141), (123, 113)] - 110","[(89, 178), (95, 132), (8, 74)] - 001",I
,0011001,"(240, 115) - 1",[] - ,"[(89, 178), (129, 182), (144, 141), (123, 113), (95, 132), (8, 74)] - 001001",I
,0011001,"(240, 115) - 1","[(89, 178), (129, 182), (144, 141), (123, 113), (95, 132)] - 00100","[(8, 74)] - 1",I
,0011001,"(240, 115) - 1","[(89, 178), (129, 182)] - 00","[(144, 141), (123, 113), (95, 132), (8, 74)] - 1001",I
,0011001,"(240, 115) - 1","[(89, 178), (129, 182), (144, 141), (95, 132)] - 0010","[(123, 113), (8, 74)] - 01",I
,0011001,"(123, 113) - 0","[(89, 178), (129, 182), (240, 115), (144, 141), (95, 132)] - 00110","[(8, 74)] - 1",I
,0011001,"(95, 132) - 0","[(89, 178), (129, 182), (240, 115), (144, 141), (123, 113)] - 00110","[(8, 74)] - 1",I
,0011001,"(8, 74) - 1",[] - ,"[(89, 178), (129, 182), (240, 115), (144, 141), (123, 113), (95, 132)] - 001100",I
,0011010,"(89, 178) - 0",[] - ,"[(129, 182), (240, 115), (144, 141), (123, 113), (95, 132), (8, 74)] - 011010",B
,0011010,"(89, 178) - 0","[(129, 182), (240, 115)] - 01","[(144, 141), (123, 113), (95, 132), (8, 74)] - 1010",B
,0011010,"(89, 178) - 0","[(129, 182), (240, 115), (144, 141), (123, 113)] - 0110","[(95, 132), (8, 74)] - 10",B
,0011010,"(129, 182) - 0",[] - ,"[(89, 178), (240, 115), (144, 141), (123, 113), (95, 132), (8, 74)] - 011010",B
,0011010,"(240, 115) - 1","[(89, 178), (129, 182), (144, 141), (123, 113), (95, 132)] - 00101","[(8, 74)] - 0",B
,0011010,"(240, 115) - 1","[(89, 178), (129, 182), (144, 141)] - 001","[(123, 113), (95, 132), (8, 74)] - 010",B
,0011010,"(144, 141) - 1","[(89, 178), (129, 182), (240, 115)] - 001","[(123, 113), (95, 132), (8, 74)] - 010",B
,0011010,"(123, 113) - 0","[(89, 178), (129, 182), (240, 115), (144, 141)] - 0011","[(95, 132), (8, 74)] - 10",B
,0011010,"(95, 132) - 1","[(89, 178), (129, 182), (240, 115), (144, 141), (123, 113)] - 00110","[(8, 74)] - 0",B
,0011010,"(8, 74) - 0",[] - ,"[(89, 178), (129, 182), (240, 115), (144, 141), (123, 113), (95, 132)] - 001101",B
,0011010,"(89, 178) - 0","[(129, 182)] - 0","[(240, 115), (144, 141), (123, 113), (95, 132), (8, 74)] - 11010",I
,0011010,"(89, 178) - 0","[(8, 74)] - 0","[(129, 182), (240, 115), (144, 141), (123, 113), (95, 132)] - 01101",I
,0011010,"(89, 178) - 0","[(129, 182), (240, 115), (144, 141)] - 011","[(123, 113), (95, 132), (8, 74)] - 010",I
,0011010,"(129, 182) - 0","[(89, 178)] - 0","[(240, 115), (144, 141), (123, 113), (95, 132), (8, 74)] - 11010",I
,0011010,"(129, 182) - 0","[(240, 115)] - 1","[(89, 178), (144, 141), (123, 113), (95, 132), (8, 74)] - 01010",I
,0011010,"(129, 182) - 0","[(89, 178), (8, 74)] - 00","[(240, 115), (144, 141), (123, 113), (95, 132)] - 1101",I
,0011010,"(129, 182) - 0","[(240, 115), (144, 141)] - 11","[(89, 178), (123, 113), (95, 132), (8, 74)] - 0010",I
,0011010,"(129, 182) - 0","[(240, 115), (144, 141), (123, 113)] - 110","[(89, 178), (95, 132), (8, 74)] - 010",I
,0011010,"(240, 115) - 1",[] - ,"[(89, 178), (129, 182), (144, 141), (123, 113), (95, 132), (8, 74)] - 001010",I
,0011010,"(240, 115) - 1","[(89, 178), (129, 182)] - 00","[(144, 141), (123, 113), (95, 132), (8, 74)] - 1010",I
,0011010,"(240, 115) - 1","[(89, 178), (129, 182), (144, 141), (95, 132)] - 0011","[(123, 113), (8, 74)] - 00",I
,0011010,"(123, 113) - 0","[(89, 178), (129, 182), (240, 115), (144, 141), (95, 132)] - 00111","[(8, 74)] - 0",I
,0011100,"(89, 178) - 0",[] - ,"[(129, 182), (240, 115), (144, 141), (123, 113), (95, 132), (8, 74)] - 011100",B
,0011100,"(89, 178) - 0","[(129, 182), (240, 115)] - 01","[(144, 141), (123, 113), (95, 132), (8, 74)] - 1100",B
,0011100,"(129, 182) - 0",[] - ,"[(89, 178), (240, 115), (144, 141), (123, 113), (95, 132), (8, 74)] - 011100",B
,0011100,"(240, 115) - 1","[(89, 178), (129, 182), (144, 141), (123, 113), (95, 132)] - 00110","[(8, 74)] - 0",B
,0011100,"(240, 115) - 1","[(89, 178), (129, 182), (144, 141)] - 001","[(123, 113), (95, 132), (8, 74)] - 100",B
,0011100,"(144, 141) - 1","[(89, 178), (129, 182), (240, 115)] - 001","[(123, 113), (95, 132), (8, 74)] - 100",B
,0011100,"(123, 113) - 1","[(89, 178), (129, 182), (240, 115), (144, 141), (95, 132)] - 00110","[(8, 74)] - 0",B
,0011100,"(8, 74) - 0",[] - ,"[(89, 178), (129, 182), (240, 115), (144, 141), (123, 113), (95, 132)] - 001110",B
,0011100,"(89, 178) - 0","[(129, 182)] - 0","[(240, 115), (144, 141), (123, 113), (95, 132), (8, 74)] - 11100",I
,0011100,"(89, 178) - 0","[(8, 74)] - 0","[(129, 182), (240, 115), (144, 141), (123, 113), (95, 132)] - 01110",I
,0011100,"(89, 178) - 0","[(129, 182), (240, 115), (144, 141), (123, 113)] - 0111","[(95, 132), (8, 74)] - 00",I
,0011100,"(89, 178) - 0","[(129, 182), (240, 115), (144, 141)] - 011","[(123, 113), (95, 132), (8, 74)] - 100",I
,0011100,"(129, 182) - 0","[(89, 178)] - 0","[(240, 115), (144, 141), (123, 113), (95, 132), (8, 74)] - 11100",I
,0011100,"(129, 182) - 0","[(240, 115)] - 1","[(89, 178), (144, 141), (123, 113), (95, 132), (8, 74)] - 01100",I
,0011100,"(129, 182) - 0","[(89, 178), (8, 74)] - 00","[(240, 115), (144, 141), (123, 113), (95, 132)] - 1110",I
,0011100,"(129, 182) - 0","[(240, 115), (144, 141)] - 11","[(89, 178), (123, 113), (95, 132), (8, 74)] - 0100",I
,0011100,"(129, 182) - 0","[(240, 115), (144, 141), (123, 113)] - 111","[(89, 178), (95, 132), (8, 74)] - 000",I
,0011100,"(240, 115) - 1",[] - ,"[(89, 178), (129, 182), (144, 141), (123, 113), (95, 132), (8, 74)] - 001100",I
,0011100,"(240, 115) - 1","[(89, 178), (129, 182)] - 00","[(144, 141), (123, 113), (95, 132), (8, 74)] - 1100",I
,0011100,"(240, 115) - 1","[(89, 178), (129, 182), (144, 141), (95, 132)] - 0010","[(123, 113), (8, 74)] - 10",I
,0011100,"(123, 113) - 1","[(89, 178), (129, 182), (240, 115), (144, 141)] - 0011","[(95, 132), (8, 74)] - 00",I
,0011100,"(95, 132) - 0","[(89, 178), (129, 182), (240, 115), (144, 141), (123, 113)] - 00111","[(8, 74)] - 0",I
,0100011,"(89, 178) - 0",[] - ,"[(129, 182), (240, 115), (144, 141), (123, 113), (95, 132), (8, 74)] - 100011",B
,0100011,"(89, 178) - 0","[(129, 182), (240, 115)] - 10","[(144, 141), (123, 113), (95, 132), (8, 74)] - 0011",B
,0100011,"(129, 182) - 1","[(89, 178)] - 0","[(240, 115), (144, 141), (123, 113), (95, 132), (8, 74)] - 00011",B
,0100011,"(129, 182) - 1","[(240, 115)] - 0","[(89, 178), (144, 141), (123, 113), (95, 132), (8, 74)] - 00011",B
,0100011,"(240, 115) - 0",[] - ,"[(89, 178), (129, 182), (144, 141), (123, 113), (95, 132), (8, 74)] - 010011",B
,0100011,"(240, 115) - 0","[(89, 178), (129, 182)] - 01","[(144, 141), (123, 113), (95, 132), (8, 74)] - 0011",B
,0100011,"(240, 115) - 0","[(89, 178), (129, 182), (144, 141), (95, 132)] - 0101","[(123, 113), (8, 74)] - 01",B
,0100011,"(89, 178) - 0","[(129, 182)] - 1","[(240, 115), (144, 141), (123, 113), (95, 132), (8, 74)] - 00011",I
,0100011,"(89, 178) - 0","[(8, 74)] - 1","[(129, 182), (240, 115), (144, 141), (123, 113), (95, 132)] - 10001",I
,0100011,"(89, 178) - 0","[(129, 182), (240, 115), (144, 141), (123, 113)] - 1000","[(95, 132), (8, 74)] - 11",I
,0100011,"(89, 178) - 0","[(129, 182), (240, 115), (144, 141)] - 100","[(123, 113), (95, 132), (8, 74)] - 011",I
,0100011,"(129, 182) - 1",[] - ,"[(89, 178), (240, 115), (144, 141), (123, 113), (95, 132), (8, 74)] - 000011",I
,0100011,"(129, 182) - 1","[(89, 178), (8, 74)] - 01","[(240, 115), (144, 141), (123, 113), (95, 132)] - 0001",I
,0100011,"(129, 182) - 1","[(240, 115), (144, 141)] - 00","[(89, 178), (123, 113), (95, 132), (8, 74)] - 0011",I
,0100011,"(129, 182) - 1","[(240, 115), (144, 141), (123, 113)] - 000","[(89, 178), (95, 132), (8, 74)] - 011",I
,0100011,"(240, 115) - 0","[(89, 178), (129, 182), (144, 141), (123, 113), (95, 132)] - 01001","[(8, 74)] - 1",I
,0100011,"(240, 115) - 0","[(89, 178), (129, 182), (144, 141)] - 010","[(123, 113), (95, 132), (8, 74)] - 011",I
,0100011,"(144, 141) - 0","[(89, 178), (129, 182), (240, 115)] - 010","[(123, 113), (95, 132), (8, 74)] - 011",I
,0100011,"(123, 113) - 0","[(89, 178), (129, 182), (240, 115), (144, 141), (95, 132)] - 01001","[(8, 74)] - 1",I
,0100011,"(123, 113) - 0","[(89, 178), (129, 182), (240, 115), (144, 141)] - 0100","[(95, 132), (8, 74)] - 11",I
,0100011,"(95, 132) - 1","[(89, 178), (129, 182), (240, 115), (144, 141), (123, 113)] - 01000","[(8, 74)] - 1",I
,0100011,"(8, 74) - 1",[] - ,"[(89, 178), (129, 182), (240, 115), (144, 141), (123, 113), (95, 132)] - 010001",I
,0100101,"(89, 178) - 0",[] - ,"[(129, 182), (240, 115), (144, 141), (123, 113), (95, 132), (8, 74)] - 100101",B
,0100101,"(89, 178) - 0","[(129, 182), (240, 115)] - 10","[(144, 141), (123, 113), (95, 132), (8, 74)] - 0101",B
,0100101,"(89, 178) - 0","[(129, 182), (240, 115), (144, 141), (123, 113)] - 1001","[(95, 132), (8, 74)] - 01",B
,0100101,"(129, 182) - 1","[(89, 178)] - 0","[(240, 115), (144, 141), (123, 113), (95, 132), (8, 74)] - 00101",B
,0100101,"(129, 182) - 1","[(240, 115)] - 0","[(89, 178), (144, 141), (123, 113), (95, 132), (8, 74)] - 00101",B
,0100101,"(129, 182) - 1","[(240, 115), (144, 141), (123, 113)] - 001","[(89, 178), (95, 132), (8, 74)] - 001",B
,0100101,"(240, 115) - 0",[] - ,"[(89, 178), (129, 182), (144, 141), (123, 113), (95, 132), (8, 74)] - 010101",B
,0100101,"(240, 115) - 0","[(89, 178), (129, 182)] - 01","[(144, 141), (123, 113), (95, 132), (8, 74)] - 0101",B
,0100101,"(89, 178) - 0","[(129, 182)] - 1","[(240, 115), (144, 141), (123, 113), (95, 132), (8, 74)] - 00101",I
,0100101,"(89, 178) - 0","[(8, 74)] - 1","[(129, 182), (240, 115), (144, 141), (123, 113), (95, 132)] - 10010",I
,0100101,"(89, 178) - 0","[(129, 182), (240, 115), (144, 141)] - 100","[(123, 113), (95, 132), (8, 74)] - 101",I
,0100101,"(129, 182) - 1",[] - ,"[(89, 178), (240, 115), (144, 141), (123, 113), (95, 132), (8, 74)] - 000101",I
,0100101,"(129, 182) - 1","[(89, 178), (8, 74)] - 01","[(240, 115), (144, 141), (123, 113), (95, 132)] - 0010",I
,0100101,"(129, 182) - 1","[(240, 115), (144, 141)] - 00","[(89, 178), (123, 113), (95, 132), (8, 74)] - 0101",I
,0100101,"(240, 115) - 0","[(89, 178), (129, 182), (144, 141), (123, 113), (95, 132)] - 01010","[(8, 74)] - 1",I
,0100101,"(240, 115) - 0","[(89, 178), (129, 182), (144, 141), (95, 132)] - 0100","[(123, 113), (8, 74)] - 11",I
,0100101,"(240, 115) - 0","[(89, 178), (129, 182), (144, 141)] - 010","[(123, 113), (95, 132), (8, 74)] - 101",I
,0100101,"(144, 141) - 0","[(89, 178), (129, 182), (240, 115)] - 010","[(123, 113), (95, 132), (8, 74)] - 101",I
,0100101,"(123, 113) - 1","[(89, 178), (129, 182), (240, 115), (144, 141), (95, 132)] - 01000","[(8, 74)] - 1",I
,0100101,"(123, 113) - 1","[(89, 178), (129, 182), (240, 115), (144, 141)] - 0100","[(95, 132), (8, 74)] - 01",I
,0100101,"(95, 132) - 0","[(89, 178), (129, 182), (240, 115), (144, 141), (123, 113)] - 01001","[(8, 74)] - 1",I
,0100101,"(8, 74) - 1",[] - ,"[(89, 178), (129, 182), (240, 115), (144, 141), (123, 113), (95, 132)] - 010010",I
,0100110,"(89, 178) - 0",[] - ,"[(129, 182), (240, 115), (144, 141), (123, 113), (95, 132), (8, 74)] - 100110",B
,0100110,"(89, 178) - 0","[(129, 182), (240, 115)] - 10","[(144, 141), (123, 113), (95, 132), (8, 74)] - 0110",B
,0100110,"(89, 178) - 0","[(129, 182), (240, 115), (144, 141), (123, 113)] - 1001","[(95, 132), (8, 74)] - 10",B
,0100110,"(129, 182) - 1","[(89, 178)] - 0","[(240, 115), (144, 141), (123, 113), (95, 132), (8, 74)] - 00110",B
,0100110,"(129, 182) - 1","[(240, 115)] - 0","[(89, 178), (144, 141), (123, 113), (95, 132), (8, 74)] - 00110",B
,0100110,"(129, 182) - 1","[(240, 115), (144, 141), (123, 113)] - 001","[(89, 178), (95, 132), (8, 74)] - 010",B
,0100110,"(240, 115) - 0",[] - ,"[(89, 178), (129, 182), (144, 141), (123, 113), (95, 132), (8, 74)] - 010110",B
,0100110,"(240, 115) - 0","[(89, 178), (129, 182)] - 01","[(144, 141), (123, 113), (95, 132), (8, 74)] - 0110",B
,0100110,"(240, 115) - 0","[(89, 178), (129, 182), (144, 141), (95, 132)] - 0101","[(123, 113), (8, 74)] - 10",B
,0100110,"(123, 113) - 1","[(89, 178), (129, 182), (240, 115), (144, 141), (95, 132)] - 01001","[(8, 74)] - 0",B
,0100110,"(95, 132) - 1","[(89, 178), (129, 182), (240, 115), (144, 141), (123, 113)] - 01001","[(8, 74)] - 0",B
,0100110,"(8, 74) - 0",[] - ,"[(89, 178), (129, 182), (240, 115), (144, 141), (123, 113), (95, 132)] - 010011",B
,0100110,"(89, 178) - 0","[(129, 182)] - 1","[(240, 115), (144, 141), (123, 113), (95, 132), (8, 74)] - 00110",I
,0100110,"(89, 178) - 0","[(8, 74)] - 0","[(129, 182), (240, 115), (144, 141), (123, 113), (95, 132)] - 10011",I
,0100110,"(89, 178) - 0","[(129, 182), (240, 115), (144, 141)] - 100","[(123, 113), (95, 132), (8, 74)] - 110",I
,0100110,"(129, 182) - 1",[] - ,"[(89, 178), (240, 115), (144, 141), (123, 113), (95, 132), (8, 74)] - 000110",I
,0100110,"(129, 182) - 1","[(89, 178), (8, 74)] - 00","[(240, 115), (144, 141), (123, 113), (95, 132)] - 0011",I
,0100110,"(129, 182) - 1","[(240, 115), (144, 141)] - 00","[(89, 178), (123, 113), (95, 132), (8, 74)] - 0110",I
,0100110,"(240, 115) - 0","[(89, 178), (129, 182), (144, 141), (123, 113), (95, 132)] - 01011","[(8, 74)] - 0",I
,0100110,"(240, 115) - 0","[(89, 178), (129, 182), (144, 141)] - 010","[(123, 113), (95, 132), (8, 74)] - 110",I
,0100110,"(144, 141) - 0","[(89, 178), (129, 182), (240, 115)] - 010","[(123, 113), (95, 132), (8, 74)] - 110",I
,0100110,"(123, 113) - 1","[(89, 178), (129, 182), (240, 115), (144, 141)] - 0100","[(95, 132), (8, 74)] - 10",I
,0101001,"(89, 178) - 0",[] - ,"[(129, 182), (240, 115), (144, 141), (123, 113), (95, 132), (8, 74)] - 101001",B
,0101001,"(89, 178) - 0","[(129, 182), (240, 115)] - 10","[(144, 141), (123, 113), (95, 132), (8, 74)] - 1001",B
,0101001,"(89, 178) - 0","[(129, 182), (240, 115), (144, 141), (123, 113)] - 1010","[(95, 132), (8, 74)] - 01",B
,0101001,"(129, 182) - 1","[(89, 178)] - 0","[(240, 115), (144, 141), (123, 113), (95, 132), (8, 74)] - 01001",B
,0101001,"(129, 182) - 1","[(240, 115)] - 0","[(89, 178), (144, 141), (123, 113), (95, 132), (8, 74)] - 01001",B
,0101001,"(129, 182) - 1","[(240, 115), (144, 141), (123, 113)] - 010","[(89, 178), (95, 132), (8, 74)] - 001",B
,0101001,"(240, 115) - 0",[] - ,"[(89, 178), (129, 182), (144, 141), (123, 113), (95, 132), (8, 74)] - 011001",B
,0101001,"(240, 115) - 0","[(89, 178), (129, 182)] - 01","[(144, 141), (123, 113), (95, 132), (8, 74)] - 1001",B
,0101001,"(240, 115) - 0","[(89, 178), (129, 182), (144, 141), (95, 132)] - 0110","[(123, 113), (8, 74)] - 01",B
,0101001,"(144, 141) - 1","[(89, 178), (129, 182), (240, 115)] - 010","[(123, 113), (95, 132), (8, 74)] - 001",B
,0101001,"(123, 113) - 0","[(89, 178), (129, 182), (240, 115), (144, 141)] - 0101","[(95, 132), (8, 74)] - 01",B
,0101001,"(89, 178) - 0","[(129, 182)] - 1","[(240, 115), (144, 141), (123, 113), (95, 132), (8, 74)] - 01001",I
,0101001,"(89, 178) - 0","[(8, 74)] - 1","[(129, 182), (240, 115), (144, 141), (123, 113), (95, 132)] - 10100",I
,0101001,"(89, 178) - 0","[(129, 182), (240, 115), (144, 141)] - 101","[(123, 113), (95, 132), (8, 74)] - 001",I
,0101001,"(129, 182) - 1",[] - ,"[(89, 178), (240, 115), (144, 141), (123, 113), (95, 132), (8, 74)] - 001001",I
,0101001,"(129, 182) - 1","[(89, 178), (8, 74)] - 01","[(240, 115), (144, 141), (123, 113), (95, 132)] - 0100",I
,0101001,"(129, 182) - 1","[(240, 115), (144, 141)] - 01","[(89, 178), (123, 113), (95, 132), (8, 74)] - 0001",I
,0101001,"(240, 115) - 0","[(89, 178), (129, 182), (144, 141), (123, 113), (95, 132)] - 01100","[(8, 74)] - 1",I
,0101001,"(240, 115) - 0","[(89, 178), (129, 182), (144, 141)] - 011","[(123, 113), (95, 132), (8, 74)] - 001",I
,0101001,"(123, 113) - 0","[(89, 178), (129, 182), (240, 115), (144, 141), (95, 132)] - 01010","[(8, 74)] - 1",I
,0101001,"(95, 132) - 0","[(89, 178), (129, 182), (240, 115), (144, 141), (123, 113)] - 01010","[(8, 74)] - 1",I
,0101001,"(8, 74) - 1",[] - ,"[(89, 178), (129, 182), (240, 115), (144, 141), (123, 113), (95, 132)] - 010100",I
,0101010,"(89, 178) - 0",[] - ,"[(129, 182), (240, 115), (144, 141), (123, 113), (95, 132), (8, 74)] - 101010",B
,0101010,"(89, 178) - 0","[(129, 182), (240, 115)] - 10","[(144, 141), (123, 113), (95, 132), (8, 74)] - 1010",B
,0101010,"(89, 178) - 0","[(129, 182), (240, 115), (144, 141), (123, 113)] - 1010","[(95, 132), (8, 74)] - 10",B
,0101010,"(129, 182) - 1","[(89, 178)] - 0","[(240, 115), (144, 141), (123, 113), (95, 132), (8, 74)] - 01010",B
,0101010,"(129, 182) - 1","[(240, 115)] - 0","[(89, 178), (144, 141), (123, 113), (95, 132), (8, 74)] - 01010",B
,0101010,"(129, 182) - 1","[(240, 115), (144, 141), (123, 113)] - 010","[(89, 178), (95, 132), (8, 74)] - 010",B
,0101010,"(240, 115) - 0",[] - ,"[(89, 178), (129, 182), (144, 141), (123, 113), (95, 132), (8, 74)] - 011010",B
,0101010,"(240, 115) - 0","[(89, 178), (129, 182)] - 01","[(144, 141), (123, 113), (95, 132), (8, 74)] - 1010",B
,0101010,"(144, 141) - 1","[(89, 178), (129, 182), (240, 115)] - 010","[(123, 113), (95, 132), (8, 74)] - 010",B
,0101010,"(123, 113) - 0","[(89, 178), (129, 182), (240, 115), (144, 141)] - 0101","[(95, 132), (8, 74)] - 10",B
,0101010,"(95, 132) - 1","[(89, 178), (129, 182), (240, 115), (144, 141), (123, 113)] - 01010","[(8, 74)] - 0",B
,0101010,"(8, 74) - 0",[] - ,"[(89, 178), (129, 182), (240, 115), (144, 141), (123, 113), (95, 132)] - 010101",B
,0101010,"(89, 178) - 0","[(129, 182)] - 1","[(240, 115), (144, 141), (123, 113), (95, 132), (8, 74)] - 01010",I
,0101010,"(89, 178) - 0","[(8, 74)] - 0","[(129, 182), (240, 115), (144, 141), (123, 113), (95, 132)] - 10101",I
,0101010,"(89, 178) - 0","[(129, 182), (240, 115), (144, 141)] - 101","[(123, 113), (95, 132), (8, 74)] - 010",I
,0101010,"(129, 182) - 1",[] - ,"[(89, 178), (240, 115), (144, 141), (123, 113), (95, 132), (8, 74)] - 001010",I
,0101010,"(129, 182) - 1","[(89, 178), (8, 74)] - 00","[(240, 115), (144, 141), (123, 113), (95, 132)] - 0101",I
,0101010,"(129, 182) - 1","[(240, 115), (144, 141)] - 01","[(89, 178), (123, 113), (95, 132), (8, 74)] - 0010",I
,0101010,"(240, 115) - 0","[(89, 178), (129, 182), (144, 141), (123, 113), (95, 132)] - 01101","[(8, 74)] - 0",I
,0101010,"(240, 115) - 0","[(89, 178), (129, 182), (144, 141), (95, 132)] - 0111","[(123, 113), (8, 74)] - 00",I
,0101010,"(240, 115) - 0","[(89, 178), (129, 182), (144, 141)] - 011","[(123, 113), (95, 132), (8, 74)] - 010",I
,0101010,"(123, 113) - 0","[(89, 178), (129, 182), (240, 115), (144, 141), (95, 132)] - 01011","[(8, 74)] - 0",I
,0101100,"(89, 178) - 0",[] - ,"[(129, 182), (240, 115), (144, 141), (123, 113), (95, 132), (8, 74)] - 101100",B
,0101100,"(89, 178) - 0","[(129, 182), (240, 115)] - 10","[(144, 141), (123, 113), (95, 132), (8, 74)] - 1100",B
,0101100,"(129, 182) - 1","[(89, 178)] - 0","[(240, 115), (144, 141), (123, 113), (95, 132), (8, 74)] - 01100",B
,0101100,"(129, 182) - 1","[(240, 115)] - 0","[(89, 178), (144, 141), (123, 113), (95, 132), (8, 74)] - 01100",B
,0101100,"(240, 115) - 0",[] - ,"[(89, 178), (129, 182), (144, 141), (123, 113), (95, 132), (8, 74)] - 011100",B
,0101100,"(240, 115) - 0","[(89, 178), (129, 182)] - 01","[(144, 141), (123, 113), (95, 132), (8, 74)] - 1100",B
,0101100,"(240, 115) - 0","[(89, 178), (129, 182), (144, 141), (95, 132)] - 0110","[(123, 113), (8, 74)] - 10",B
,0101100,"(144, 141) - 1","[(89, 178), (129, 182), (240, 115)] - 010","[(123, 113), (95, 132), (8, 74)] - 100",B
,0101100,"(123, 113) - 1","[(89, 178), (129, 182), (240, 115), (144, 141), (95, 132)] - 01010","[(8, 74)] - 0",B
,0101100,"(8, 74) - 0",[] - ,"[(89, 178), (129, 182), (240, 115), (144, 141), (123, 113), (95, 132)] - 010110",B
,0101100,"(89, 178) - 0","[(129, 182)] - 1","[(240, 115), (144, 141), (123, 113), (95, 132), (8, 74)] - 01100",I
,0101100,"(89, 178) - 0","[(8, 74)] - 0","[(129, 182), (240, 115), (144, 141), (123, 113), (95, 132)] - 10110",I
,0101100,"(89, 178) - 0","[(129, 182), (240, 115), (144, 141), (123, 113)] - 1011","[(95, 132), (8, 74)] - 00",I
,0101100,"(89, 178) - 0","[(129, 182), (240, 115), (144, 141)] - 101","[(123, 113), (95, 132), (8, 74)] - 100",I
,0101100,"(129, 182) - 1",[] - ,"[(89, 178), (240, 115), (144, 141), (123, 113), (95, 132), (8, 74)] - 001100",I
,0101100,"(129, 182) - 1","[(89, 178), (8, 74)] - 00","[(240, 115), (144, 141), (123, 113), (95, 132)] - 0110",I
,0101100,"(129, 182) - 1","[(240, 115), (144, 141)] - 01","[(89, 178), (123, 113), (95, 132), (8, 74)] - 0100",I
,0101100,"(129, 182) - 1","[(240, 115), (144, 141), (123, 113)] - 011","[(89, 178), (95, 132), (8, 74)] - 000",I
,0101100,"(240, 115) - 0","[(89, 178), (129, 182), (144, 141), (123, 113), (95, 132)] - 01110","[(8, 74)] - 0",I
,0101100,"(240, 115) - 0","[(89, 178), (129, 182), (144, 141)] - 011","[(123, 113), (95, 132), (8, 74)] - 100",I
,0101100,"(123, 113) - 1","[(89, 178), (129, 182), (240, 115), (144, 141)] - 0101","[(95, 132), (8, 74)] - 00",I
,0101100,"(95, 132) - 0","[(89, 178), (129, 182), (240, 115), (144, 141), (123, 113)] - 01011","[(8, 74)] - 0",I
,0110001,"(89, 178) - 0",[] - ,"[(129, 182), (240, 115), (144, 141), (123, 113), (95, 132), (8, 74)] - 110001",B
,0110001,"(89, 178) - 0","[(129, 182), (240, 115), (144, 141), (123, 113)] - 1100","[(95, 132), (8, 74)] - 01",B
,0110001,"(129, 182) - 1","[(89, 178)] - 0","[(240, 115), (144, 141), (123, 113), (95, 132), (8, 74)] - 10001",B
,0110001,"(129, 182) - 1","[(240, 115), (144, 141), (123, 113)] - 100","[(89, 178), (95, 132), (8, 74)] - 001",B
,0110001,"(240, 115) - 1","[(89, 178), (129, 182), (144, 141)] - 010","[(123, 113), (95, 132), (8, 74)] - 001",B
,0110001,"(123, 113) - 0","[(89, 178), (129, 182), (240, 115), (144, 141)] - 0110","[(95, 132), (8, 74)] - 01",B
,0110001,"(89, 178) - 0","[(129, 182)] - 1","[(240, 115), (144, 141), (123, 113), (95, 132), (8, 74)] - 10001",I
,0110001,"(89, 178) - 0","[(8, 74)] - 1","[(129, 182), (240, 115), (144, 141), (123, 113), (95, 132)] - 11000",I
,0110001,"(89, 178) - 0","[(129, 182), (240, 115)] - 11","[(144, 141), (123, 113), (95, 132), (8, 74)] - 0001",I
,0110001,"(89, 178) - 0","[(129, 182), (240, 115), (144, 141)] - 110","[(123, 113), (95, 132), (8, 74)] - 001",I
,0110001,"(129, 182) - 1",[] - ,"[(89, 178), (240, 115), (144, 141), (123, 113), (95, 132), (8, 74)] - 010001",I
,0110001,"(129, 182) - 1","[(240, 115)] - 1","[(89, 178), (144, 141), (123, 113), (95, 132), (8, 74)] - 00001",I
,0110001,"(129, 182) - 1","[(89, 178), (8, 74)] - 01","[(240, 115), (144, 141), (123, 113), (95, 132)] - 1000",I
,0110001,"(129, 182) - 1","[(240, 115), (144, 141)] - 10","[(89, 178), (123, 113), (95, 132), (8, 74)] - 0001",I
,0110001,"(240, 115) - 1",[] - ,"[(89, 178), (129, 182), (144, 141), (123, 113), (95, 132), (8, 74)] - 010001",I
,0110001,"(240, 115) - 1","[(89, 178), (129, 182), (144, 141), (123, 113), (95, 132)] - 01000","[(8, 74)] - 1",I
,0110001,"(240, 115) - 1","[(89, 178), (129, 182)] - 01","[(144, 141), (123, 113), (95, 132), (8, 74)] - 0001",I
,0110001,"(240, 115) - 1","[(89, 178), (129, 182), (144, 141), (95, 132)] - 0100","[(123, 113), (8, 74)] - 01",I
,0110001,"(144, 141) - 0","[(89, 178), (129, 182), (240, 115)] - 011","[(123, 113), (95, 132), (8, 74)] - 001",I
,0110001,"(123, 113) - 0","[(89, 178), (129, 182), (240, 115), (144, 141), (95, 132)] - 01100","[(8, 74)] - 1",I
,0110001,"(95, 132) - 0","[(89, 178), (129, 182), (240, 115), (144, 141), (123, 113)] - 01100","[(8, 74)] - 1",I
,0110001,"(8, 74) - 1",[] - ,"[(89, 178), (129, 182), (240, 115), (144, 141), (123, 113), (95, 132)] - 011000",I
,0110010,"(89, 178) - 0",[] - ,"[(129, 182), (240, 115), (144, 141), (123, 113), (95, 132), (8, 74)] - 110010",B
,0110010,"(89, 178) - 0","[(129, 182), (240, 115), (144, 141), (123, 113)] - 1100","[(95, 132), (8, 74)] - 10",B
,0110010,"(129, 182) - 1","[(89, 178)] - 0","[(240, 115), (144, 141), (123, 113), (95, 132), (8, 74)] - 10010",B
,0110010,"(129, 182) - 1","[(240, 115), (144, 141), (123, 113)] - 100","[(89, 178), (95, 132), (8, 74)] - 010",B
,0110010,"(240, 115) - 1","[(89, 178), (129, 182), (144, 141), (123, 113), (95, 132)] - 01001","[(8, 74)] - 0",B
,0110010,"(240, 115) - 1","[(89, 178), (129, 182), (144, 141)] - 010","[(123, 113), (95, 132), (8, 74)] - 010",B
,0110010,"(123, 113) - 0","[(89, 178), (129, 182), (240, 115), (144, 141)] - 0110","[(95, 132), (8, 74)] - 10",B
,0110010,"(95, 132) - 1","[(89, 178), (129, 182), (240, 115), (144, 141), (123, 113)] - 01100","[(8, 74)] - 0",B
,0110010,"(8, 74) - 0",[] - ,"[(89, 178), (129, 182), (240, 115), (144, 141), (123, 113), (95, 132)] - 011001",B
,0110010,"(89, 178) - 0","[(129, 182)] - 1","[(240, 115), (144, 141), (123, 113), (95, 132), (8, 74)] - 10010",I
,0110010,"(89, 178) - 0","[(8, 74)] - 0","[(129, 182), (240, 115), (144, 141), (123, 113), (95, 132)] - 11001",I
,0110010,"(89, 178) - 0","[(129, 182), (240, 115)] - 11","[(144, 141), (123, 113), (95, 132), (8, 74)] - 0010",I
,0110010,"(89, 178) - 0","[(129, 182), (240, 115), (144, 141)] - 110","[(123, 113), (95, 132), (8, 74)] - 010",I
,0110010,"(129, 182) - 1",[] - ,"[(89, 178), (240, 115), (144, 141), (123, 113), (95, 132), (8, 74)] - 010010",I
,0110010,"(129, 182) - 1","[(240, 115)] - 1","[(89, 178), (144, 141), (123, 113), (95, 132), (8, 74)] - 00010",I
,0110010,"(129, 182) - 1","[(89, 178), (8, 74)] - 00","[(240, 115), (144, 141), (123, 113), (95, 132)] - 1001",I
,0110010,"(129, 182) - 1","[(240, 115), (144, 141)] - 10","[(89, 178), (123, 113), (95, 132), (8, 74)] - 0010",I
,0110010,"(240, 115) - 1",[] - ,"[(89, 178), (129, 182), (144, 141), (123, 113), (95, 132), (8, 74)] - 010010",I
,0110010,"(240, 115) - 1","[(89, 178), (129, 182)] - 01","[(144, 141), (123, 113), (95, 132), (8, 74)] - 0010",I
,0110010,"(240, 115) - 1","[(89, 178), (129, 182), (144, 141), (95, 132)] - 0101","[(123, 113), (8, 74)] - 00",I
,0110010,"(144, 141) - 0","[(89, 178), (129, 182), (240, 115)] - 011","[(123, 113), (95, 132), (8, 74)] - 010",I
,0110010,"(123, 113) - 0","[(89, 178), (129, 182), (240, 115), (144, 141), (95, 132)] - 01101","[(8, 74)] - 0",I
,0110100,"(89, 178) - 0",[] - ,"[(129, 182), (240, 115), (144, 141), (123, 113), (95, 132), (8, 74)] - 110100",B
,0110100,"(129, 182) - 1","[(89, 178)] - 0","[(240, 115), (144, 141), (123, 113), (95, 132), (8, 74)] - 10100",B
,0110100,"(240, 115) - 1","[(89, 178), (129, 182), (144, 141), (123, 113), (95, 132)] - 01010","[(8, 74)] - 0",B
,0110100,"(240, 115) - 1","[(89, 178), (129, 182), (144, 141)] - 010","[(123, 113), (95, 132), (8, 74)] - 100",B
,0110100,"(123, 113) - 1","[(89, 178), (129, 182), (240, 115), (144, 141), (95, 132)] - 01100","[(8, 74)] - 0",B
,0110100,"(8, 74) - 0",[] - ,"[(89, 178), (129, 182), (240, 115), (144, 141), (123, 113), (95, 132)] - 011010",B
,0110100,"(89, 178) - 0","[(129, 182)] - 1","[(240, 115), (144, 141), (123, 113), (95, 132), (8, 74)] - 10100",I
,0110100,"(89, 178) - 0","[(8, 74)] - 0","[(129, 182), (240, 115), (144, 141), (123, 113), (95, 132)] - 11010",I
,0110100,"(89, 178) - 0","[(129, 182), (240, 115)] - 11","[(144, 141), (123, 113), (95, 132), (8, 74)] - 0100",I
,0110100,"(89, 178) - 0","[(129, 182), (240, 115), (144, 141), (123, 113)] - 1101","[(95, 132), (8, 74)] - 00",I
,0110100,"(89, 178) - 0","[(129, 182), (240, 115), (144, 141)] - 110","[(123, 113), (95, 132), (8, 74)] - 100",I
,0110100,"(129, 182) - 1",[] - ,"[(89, 178), (240, 115), (144, 141), (123, 113), (95, 132), (8, 74)] - 010100",I
,0110100,"(129, 182) - 1","[(240, 115)] - 1","[(89, 178), (144, 141), (123, 113), (95, 132), (8, 74)] - 00100",I
,0110100,"(129, 182) - 1","[(89, 178), (8, 74)] - 00","[(240, 115), (144, 141), (123, 113), (95, 132)] - 1010",I
,0110100,"(129, 182) - 1","[(240, 115), (144, 141)] - 10","[(89, 178), (123, 113), (95, 132), (8, 74)] - 0100",I
,0110100,"(129, 182) - 1","[(240, 115), (144, 141), (123, 113)] - 101","[(89, 178), (95, 132), (8, 74)] - 000",I
,0110100,"(240, 115) - 1",[] - ,"[(89, 178), (129, 182), (144, 141), (123, 113), (95, 132), (8, 74)] - 010100",I
,0110100,"(240, 115) - 1","[(89, 178), (129, 182)] - 01","[(144, 141), (123, 113), (95, 132), (8, 74)] - 0100",I
,0110100,"(240, 115) - 1","[(89, 178), (129, 182), (144, 141), (95, 132)] - 0100","[(123, 113), (8, 74)] - 10",I
,0110100,"(144, 141) - 0","[(89, 178), (129, 182), (240, 115)] - 011","[(123, 113), (95, 132), (8, 74)] - 100",I
,0110100,"(123, 113) - 1","[(89, 178), (129, 182), (240, 115), (144, 141)] - 0110","[(95, 132), (8, 74)] - 00",I
,0110100,"(95, 132) - 0","[(89, 178), (129, 182), (240, 115), (144, 141), (123, 113)] - 01101","[(8, 74)] - 0",I
,0111000,"(89, 178) - 0",[] - ,"[(129, 182), (240, 115), (144, 141), (123, 113), (95, 132), (8, 74)] - 111000",B
,0111000,"(129, 182) - 1","[(89, 178)] - 0","[(240, 115), (144, 141), (123, 113), (95, 132), (8, 74)] - 11000",B
,0111000,"(240, 115) - 1","[(89, 178), (129, 182), (144, 141), (123, 113), (95, 132)] - 01100","[(8, 74)] - 0",B
,0111000,"(8, 74) - 0",[] - ,"[(89, 178), (129, 182), (240, 115), (144, 141), (123, 113), (95, 132)] - 011100",B
,0111000,"(89, 178) - 0","[(129, 182)] - 1","[(240, 115), (144, 141), (123, 113), (95, 132), (8, 74)] - 11000",I
,0111000,"(89, 178) - 0","[(8, 74)] - 0","[(129, 182), (240, 115), (144, 141), (123, 113), (95, 132)] - 11100",I
,0111000,"(89, 178) - 0","[(129, 182), (240, 115)] - 11","[(144, 141), (123, 113), (95, 132), (8, 74)] - 1000",I
,0111000,"(89, 178) - 0","[(129, 182), (240, 115), (144, 141), (123, 113)] - 1110","[(95, 132), (8, 74)] - 00",I
,0111000,"(89, 178) - 0","[(129, 182), (240, 115), (144, 141)] - 111","[(123, 113), (95, 132), (8, 74)] - 000",I
,0111000,"(129, 182) - 1",[] - ,"[(89, 178), (240, 115), (144, 141), (123, 113), (95, 132), (8, 74)] - 011000",I
,0111000,"(129, 182) - 1","[(240, 115)] - 1","[(89, 178), (144, 141), (123, 113), (95, 132), (8, 74)] - 01000",I
,0111000,"(129, 182) - 1","[(89, 178), (8, 74)] - 00","[(240, 115), (144, 141), (123, 113), (95, 132)] - 1100",I
,0111000,"(129, 182) - 1","[(240, 115), (144, 141)] - 11","[(89, 178), (123, 113), (95, 132), (8, 74)] - 0000",I
,0111000,"(129, 182) - 1","[(240, 115), (144, 141), (123, 113)] - 110","[(89, 178), (95, 132), (8, 74)] - 000",I
,0111000,"(240, 115) - 1",[] - ,"[(89, 178), (129, 182), (144, 141), (123, 113), (95, 132), (8, 74)] - 011000",I
,0111000,"(240, 115) - 1","[(89, 178), (129, 182)] - 01","[(144, 141), (123, 113), (95, 132), (8, 74)] - 1000",I
,0111000,"(240, 115) - 1","[(89, 178), (129, 182), (144, 141), (95, 132)] - 0110","[(123, 113), (8, 74)] - 00",I
,0111000,"(240, 115) - 1","[(89, 178), (129, 182), (144, 141)] - 011","[(123, 113), (95, 132), (8, 74)] - 000",I
,0111000,"(144, 141) - 1","[(89, 178), (129, 182), (240, 115)] - 011","[(123, 113), (95, 132), (8, 74)] - 000",I
,0111000,"(123, 113) - 0","[(89, 178), (129, 182), (240, 115), (144, 141), (95, 132)] - 01110","[(8, 74)] - 0",I
,0111000,"(123, 113) - 0","[(89, 178), (129, 182), (240, 115), (144, 141)] - 0111","[(95, 132), (8, 74)] - 00",I
,0111000,"(95, 132) - 0","[(89, 178), (129, 182), (240, 115), (144, 141), (123, 113)] - 01110","[(8, 74)] - 0",I
,1000011,"(89, 178) - 1","[(129, 182)] - 0","[(240, 115), (144, 141), (123, 113), (95, 132), (8, 74)] - 00011",B
,1000011,"(129, 182) - 0",[] - ,"[(89, 178), (240, 115), (144, 141), (123, 113), (95, 132), (8, 74)] - 100011",B
,1000011,"(240, 115) - 0",[] - ,"[(89, 178), (129, 182), (144, 141), (123, 113), (95, 132), (8, 74)] - 100011",B
,1000011,"(240, 115) - 0","[(89, 178), (129, 182)] - 10","[(144, 141), (123, 113), (95, 132), (8, 74)] - 0011",B
,1000011,"(240, 115) - 0","[(89, 178), (129, 182), (144, 141), (95, 132)] - 1001","[(123, 113), (8, 74)] - 01",B
,1000011,"(89, 178) - 1",[] - ,"[(129, 182), (240, 115), (144, 141), (123, 113), (95, 132), (8, 74)] - 000011",I
,1000011,"(89, 178) - 1","[(8, 74)] - 1","[(129, 182), (240, 115), (144, 141), (123, 113), (95, 132)] - 00001",I
,1000011,"(89, 178) - 1","[(129, 182), (240, 115)] - 00","[(144, 141), (123, 113), (95, 132), (8, 74)] - 0011",I
,1000011,"(89, 178) - 1","[(129, 182), (240, 115), (144, 141), (123, 113)] - 0000","[(95, 132), (8, 74)] - 11",I
,1000011,"(89, 178) - 1","[(129, 182), (240, 115), (144, 141)] - 000","[(123, 113), (95, 132), (8, 74)] - 011",I
,1000011,"(129, 182) - 0","[(89, 178)] - 1","[(240, 115), (144, 141), (123, 113), (95, 132), (8, 74)] - 00011",I
,1000011,"(129, 182) - 0","[(240, 115)] - 0","[(89, 178), (144, 141), (123, 113), (95, 132), (8, 74)] - 10011",I
,1000011,"(129, 182) - 0","[(89, 178), (8, 74)] - 11","[(240, 115), (144, 141), (123, 113), (95, 132)] - 0001",I
,1000011,"(129, 182) - 0","[(240, 115), (144, 141)] - 00","[(89, 178), (123, 113), (95, 132), (8, 74)] - 1011",I
,1000011,"(129, 182) - 0","[(240, 115), (144, 141), (123, 113)] - 000","[(89, 178), (95, 132), (8, 74)] - 111",I
,1000011,"(240, 115) - 0","[(89, 178), (129, 182), (144, 141), (123, 113), (95, 132)] - 10001","[(8, 74)] - 1",I
,1000011,"(240, 115) - 0","[(89, 178), (129, 182), (144, 141)] - 100","[(123, 113), (95, 132), (8, 74)] - 011",I
,1000011,"(144, 141) - 0","[(89, 178), (129, 182), (240, 115)] - 100","[(123, 113), (95, 132), (8, 74)] - 011",I
,1000011,"(123, 113) - 0","[(89, 178), (129, 182), (240, 115), (144, 141), (95, 132)] - 10001","[(8, 74)] - 1",I
,1000011,"(123, 113) - 0","[(89, 178), (129, 182), (240, 115), (144, 141)] - 1000","[(95, 132), (8, 74)] - 11",I
,1000011,"(95, 132) - 1","[(89, 178), (129, 182), (240, 115), (144, 141), (123, 113)] - 10000","[(8, 74)] - 1",I
,1000011,"(8, 74) - 1",[] - ,"[(89, 178), (129, 182), (240, 115), (144, 141), (123, 113), (95, 132)] - 100001",I
,1000101,"(89, 178) - 1","[(129, 182)] - 0","[(240, 115), (144, 141), (123, 113), (95, 132), (8, 74)] - 00101",B
,1000101,"(129, 182) - 0",[] - ,"[(89, 178), (240, 115), (144, 141), (123, 113), (95, 132), (8, 74)] - 100101",B
,1000101,"(240, 115) - 0",[] - ,"[(89, 178), (129, 182), (144, 141), (123, 113), (95, 132), (8, 74)] - 100101",B
,1000101,"(240, 115) - 0","[(89, 178), (129, 182)] - 10","[(144, 141), (123, 113), (95, 132), (8, 74)] - 0101",B
,1000101,"(89, 178) - 1",[] - ,"[(129, 182), (240, 115), (144, 141), (123, 113), (95, 132), (8, 74)] - 000101",I
,1000101,"(89, 178) - 1","[(8, 74)] - 1","[(129, 182), (240, 115), (144, 141), (123, 113), (95, 132)] - 00010",I
,1000101,"(89, 178) - 1","[(129, 182), (240, 115)] - 00","[(144, 141), (123, 113), (95, 132), (8, 74)] - 0101",I
,1000101,"(89, 178) - 1","[(129, 182), (240, 115), (144, 141), (123, 113)] - 0001","[(95, 132), (8, 74)] - 01",I
,1000101,"(89, 178) - 1","[(129, 182), (240, 115), (144, 141)] - 000","[(123, 113), (95, 132), (8, 74)] - 101",I
,1000101,"(129, 182) - 0","[(89, 178)] - 1","[(240, 115), (144, 141), (123, 113), (95, 132), (8, 74)] - 00101",I
,1000101,"(129, 182) - 0","[(240, 115)] - 0","[(89, 178), (144, 141), (123, 113), (95, 132), (8, 74)] - 10101",I
,1000101,"(129, 182) - 0","[(89, 178), (8, 74)] - 11","[(240, 115), (144, 141), (123, 113), (95, 132)] - 0010",I
,1000101,"(129, 182) - 0","[(240, 115), (144, 141)] - 00","[(89, 178), (123, 113), (95, 132), (8, 74)] - 1101",I
,1000101,"(129, 182) - 0","[(240, 115), (144, 141), (123, 113)] - 001","[(89, 178), (95, 132), (8, 74)] - 101",I
,1000101,"(240, 115) - 0","[(89, 178), (129, 182), (144, 141), (123, 113), (95, 132)] - 10010","[(8, 74)] - 1",I
,1000101,"(240, 115) - 0","[(89, 178), (129, 182), (144, 141), (95, 132)] - 1000","[(123, 113), (8, 74)] - 11",I
,1000101,"(240, 115) - 0","[(89, 178), (129, 182), (144, 141)] - 100","[(123, 113), (95, 132), (8, 74)] - 101",I
,1000101,"(144, 141) - 0","[(89, 178), (129, 182), (240, 115)] - 100","[(123, 113), (95, 132), (8, 74)] - 101",I
,1000101,"(123, 113) - 1","[(89, 178), (129, 182), (240, 115), (144, 141), (95, 132)] - 10000","[(8, 74)] - 1",I
,1000101,"(123, 113) - 1","[(89, 178), (129, 182), (240, 115), (144, 141)] - 1000","[(95, 132), (8, 74)] - 01",I
,1000101,"(95, 132) - 0","[(89, 178), (129, 182), (240, 115), (144, 141), (123, 113)] - 10001","[(8, 74)] - 1",I
,1000101,"(8, 74) - 1",[] - ,"[(89, 178), (129, 182), (240, 115), (144, 141), (123, 113), (95, 132)] - 100010",I
,1000110,"(89, 178) - 1","[(129, 182)] - 0","[(240, 115), (144, 141), (123, 113), (95, 132), (8, 74)] - 00110",B
,1000110,"(89, 178) - 1","[(8, 74)] - 0","[(129, 182), (240, 115), (144, 141), (123, 113), (95, 132)] - 00011",B
,1000110,"(129, 182) - 0",[] - ,"[(89, 178), (240, 115), (144, 141), (123, 113), (95, 132), (8, 74)] - 100110",B
,1000110,"(129, 182) - 0","[(89, 178), (8, 74)] - 10","[(240, 115), (144, 141), (123, 113), (95, 132)] - 0011",B
,1000110,"(240, 115) - 0",[] - ,"[(89, 178), (129, 182), (144, 141), (123, 113), (95, 132), (8, 74)] - 100110",B
,1000110,"(240, 115) - 0","[(89, 178), (129, 182)] - 10","[(144, 141), (123, 113), (95, 132), (8, 74)] - 0110",B
,1000110,"(240, 115) - 0","[(89, 178), (129, 182), (144, 141), (95, 132)] - 1001","[(123, 113), (8, 74)] - 10",B
,1000110,"(123, 113) - 1","[(89, 178), (129, 182), (240, 115), (144, 141), (95, 132)] - 10001","[(8, 74)] - 0",B
,1000110,"(95, 132) - 1","[(89, 178), (129, 182), (240, 115), (144, 141), (123, 113)] - 10001","[(8, 74)] - 0",B
,1000110,"(8, 74) - 0",[] - ,"[(89, 178), (129, 182), (240, 115), (144, 141), (123, 113), (95, 132)] - 100011",B
,1000110,"(89, 178) - 1",[] - ,"[(129, 182), (240, 115), (144, 141), (123, 113), (95, 132), (8, 74)] - 000110",I
,1000110,"(89, 178) - 1","[(129, 182), (240, 115)] - 00","[(144, 141), (123, 113), (95, 132), (8, 74)] - 0110",I
,1000110,"(89, 178) - 1","[(129, 182), (240, 115), (144, 141), (123, 113)] - 0001","[(95, 132), (8, 74)] - 10",I
,1000110,"(89, 178) - 1","[(129, 182), (240, 115), (144, 141)] - 000","[(123, 113), (95, 132), (8, 74)] - 110",I
,1000110,"(129, 182) - 0","[(89, 178)] - 1","[(240, 115), (144, 141), (123, 113), (95, 132), (8, 74)] - 00110",I
,1000110,"(129, 182) - 0","[(240, 115)] - 0","[(89, 178), (144, 141), (123, 113), (95, 132), (8, 74)] - 10110",I
,1000110,"(129, 182) - 0","[(240, 115), (144, 141)] - 00","[(89, 178), (123, 113), (95, 132), (8, 74)] - 1110",I
,1000110,"(129, 182) - 0","[(240, 115), (144, 141), (123, 113)] - 001","[(89, 178), (95, 132), (8, 74)] - 110",I
,1000110,"(240, 115) - 0","[(89, 178), (129, 182), (144, 141), (123, 113), (95, 132)] - 10011","[(8, 74)] - 0",I
,1000110,"(240, 115) - 0","[(89, 178), (129, 182), (144, 141)] - 100","[(123, 113), (95, 132), (8, 74)] - 110",I
,1000110,"(144, 141) - 0","[(89, 178), (129, 182), (240, 115)] - 100","[(123, 113), (95, 132), (8, 74)] - 110",I
,1000110,"(123, 113) - 1","[(89, 178), (129, 182), (240, 115), (144, 141)] - 1000","[(95, 132), (8, 74)] - 10",I
,1001001,"(89, 178) - 1","[(129, 182)] - 0","[(240, 115), (144, 141), (123, 113), (95, 132), (8, 74)] - 01001",B
,1001001,"(89, 178) - 1","[(129, 182), (240, 115), (144, 141)] - 001","[(123, 113), (95, 132), (8, 74)] - 001",B
,1001001,"(129, 182) - 0",[] - ,"[(89, 178), (240, 115), (144, 141), (123, 113), (95, 132), (8, 74)] - 101001",B
,1001001,"(129, 182) - 0","[(240, 115), (144, 141)] - 01","[(89, 178), (123, 113), (95, 132), (8, 74)] - 1001",B
,1001001,"(240, 115) - 0",[] - ,"[(89, 178), (129, 182), (144, 141), (123, 113), (95, 132), (8, 74)] - 101001",B
,1001001,"(240, 115) - 0","[(89, 178), (129, 182)] - 10","[(144, 141), (123, 113), (95, 132), (8, 74)] - 1001",B
,1001001,"(240, 115) - 0","[(89, 178), (129, 182), (144, 141), (95, 132)] - 1010","[(123, 113), (8, 74)] - 01",B
,1001001,"(144, 141) - 1","[(89, 178), (129, 182), (240, 115)] - 100","[(123, 113), (95, 132), (8, 74)] - 001",B
,1001001,"(123, 113) - 0","[(89, 178), (129, 182), (240, 115), (144, 141)] - 1001","[(95, 132), (8, 74)] - 01",B
,1001001,"(89, 178) - 1",[] - ,"[(129, 182), (240, 115), (144, 141), (123, 113), (95, 132), (8, 74)] - 001001",I
,1001001,"(89, 178) - 1","[(8, 74)] - 1","[(129, 182), (240, 115), (144, 141), (123, 113), (95, 132)] - 00100",I
,1001001,"(89, 178) - 1","[(129, 182), (240, 115)] - 00","[(144, 141), (123, 113), (95, 132), (8, 74)] - 1001",I
,1001001,"(89, 178) - 1","[(129, 182), (240, 115), (144, 141), (123, 113)] - 0010","[(95, 132), (8, 74)] - 01",I
,1001001,"(129, 182) - 0","[(89, 178)] - 1","[(240, 115), (144, 141), (123, 113), (95, 132), (8, 74)] - 01001",I
,1001001,"(129, 182) - 0","[(240, 115)] - 0","[(89, 178), (144, 141), (123, 113), (95, 132), (8, 74)] - 11001",I
,1001001,"(129, 182) - 0","[(89, 178), (8, 74)] - 11","[(240, 115), (144, 141), (123, 113), (95, 132)] - 0100",I
,1001001,"(129, 182) - 0","[(240, 115), (144, 141), (123, 113)] - 010","[(89, 178), (95, 132), (8, 74)] - 101",I
,1001001,"(240, 115) - 0","[(89, 178), (129, 182), (144, 141), (123, 113), (95, 132)] - 10100","[(8, 74)] - 1",I
,1001001,"(240, 115) - 0","[(89, 178), (129, 182), (144, 141)] - 101","[(123, 113), (95, 132), (8, 74)] - 001",I
,1001001,"(123, 113) - 0","[(89, 178), (129, 182), (240, 115), (144, 141), (95, 132)] - 10010","[(8, 74)] - 1",I
,1001001,"(95, 132) - 0","[(89, 178), (129, 182), (240, 115), (144, 141), (123, 113)] - 10010","[(8, 74)] - 1",I
,1001001,"(8, 74) - 1",[] - ,"[(89, 178), (129, 182), (240, 115), (144, 141), (123, 113), (95, 132)] - 100100",I
,1001010,"(89, 178) - 1","[(129, 182)] - 0","[(240, 115), (144, 141), (123, 113), (95, 132), (8, 74)] - 01010",B
,1001010,"(89, 178) - 1","[(8, 74)] - 0","[(129, 182), (240, 115), (144, 141), (123, 113), (95, 132)] - 00101",B
,1001010,"(89, 178) - 1","[(129, 182), (240, 115), (144, 141)] - 001","[(123, 113), (95, 132), (8, 74)] - 010",B
,1001010,"(129, 182) - 0",[] - ,"[(89, 178), (240, 115), (144, 141), (123, 113), (95, 132), (8, 74)] - 101010",B
,1001010,"(129, 182) - 0","[(89, 178), (8, 74)] - 10","[(240, 115), (144, 141), (123, 113), (95, 132)] - 0101",B
,1001010,"(129, 182) - 0","[(240, 115), (144, 141)] - 01","[(89, 178), (123, 113), (95, 132), (8, 74)] - 1010",B
,1001010,"(240, 115) - 0",[] - ,"[(89, 178), (129, 182), (144, 141), (123, 113), (95, 132), (8, 74)] - 101010",B
,1001010,"(240, 115) - 0","[(89, 178), (129, 182)] - 10","[(144, 141), (123, 113), (95, 132), (8, 74)] - 1010",B
,1001010,"(144, 141) - 1","[(89, 178), (129, 182), (240, 115)] - 100","[(123, 113), (95, 132), (8, 74)] - 010",B
,1001010,"(123, 113) - 0","[(89, 178), (129, 182), (240, 115), (144, 141)] - 1001","[(95, 132), (8, 74)] - 10",B
,1001010,"(95, 132) - 1","[(89, 178), (129, 182), (240, 115), (144, 141), (123, 113)] - 10010","[(8, 74)] - 0",B
,1001010,"(8, 74) - 0",[] - ,"[(89, 178), (129, 182), (240, 115), (144, 141), (123, 113), (95, 132)] - 100101",B
,1001010,"(89, 178) - 1",[] - ,"[(129, 182), (240, 115), (144, 141), (123, 113), (95, 132), (8, 74)] - 001010",I
,1001010,"(89, 178) - 1","[(129, 182), (240, 115)] - 00","[(144, 141), (123, 113), (95, 132), (8, 74)] - 1010",I
,1001010,"(89, 178) - 1","[(129, 182), (240, 115), (144, 141), (123, 113)] - 0010","[(95, 132), (8, 74)] - 10",I
,1001010,"(129, 182) - 0","[(89, 178)] - 1","[(240, 115), (144, 141), (123, 113), (95, 132), (8, 74)] - 01010",I
,1001010,"(129, 182) - 0","[(240, 115)] - 0","[(89, 178), (144, 141), (123, 113), (95, 132), (8, 74)] - 11010",I
,1001010,"(129, 182) - 0","[(240, 115), (144, 141), (123, 113)] - 010","[(89, 178), (95, 132), (8, 74)] - 110",I
,1001010,"(240, 115) - 0","[(89, 178), (129, 182), (144, 141), (123, 113), (95, 132)] - 10101","[(8, 74)] - 0",I
,1001010,"(240, 115) - 0","[(89, 178), (129, 182), (144, 141), (95, 132)] - 1011","[(123, 113), (8, 74)] - 00",I
,1001010,"(240, 115) - 0","[(89, 178), (129, 182), (144, 141)] - 101","[(123, 113), (95, 132), (8, 74)] - 010",I
,1001010,"(123, 113) - 0","[(89, 178), (129, 182), (240, 115), (144, 141), (95, 132)] - 10011","[(8, 74)] - 0",I
,1001100,"(89, 178) - 1","[(129, 182)] - 0","[(240, 115), (144, 141), (123, 113), (95, 132), (8, 74)] - 01100",B
,1001100,"(89, 178) - 1","[(8, 74)] - 0","[(129, 182), (240, 115), (144, 141), (123, 113), (95, 132)] - 00110",B
,1001100,"(89, 178) - 1","[(129, 182), (240, 115), (144, 141)] - 001","[(123, 113), (95, 132), (8, 74)] - 100",B
,1001100,"(129, 182) - 0",[] - ,"[(89, 178), (240, 115), (144, 141), (123, 113), (95, 132), (8, 74)] - 101100",B
,1001100,"(129, 182) - 0","[(89, 178), (8, 74)] - 10","[(240, 115), (144, 141), (123, 113), (95, 132)] - 0110",B
,1001100,"(129, 182) - 0","[(240, 115), (144, 141)] - 01","[(89, 178), (123, 113), (95, 132), (8, 74)] - 1100",B
,1001100,"(240, 115) - 0",[] - ,"[(89, 178), (129, 182), (144, 141), (123, 113), (95, 132), (8, 74)] - 101100",B
,1001100,"(240, 115) - 0","[(89, 178), (129, 182)] - 10","[(144, 141), (123, 113), (95, 132), (8, 74)] - 1100",B
,1001100,"(240, 115) - 0","[(89, 178), (129, 182), (144, 141), (95, 132)] - 1010","[(123, 113), (8, 74)] - 10",B
,1001100,"(144, 141) - 1","[(89, 178), (129, 182), (240, 115)] - 100","[(123, 113), (95, 132), (8, 74)] - 100",B
,1001100,"(123, 113) - 1","[(89, 178), (129, 182), (240, 115), (144, 141), (95, 132)] - 10010","[(8, 74)] - 0",B
,1001100,"(8, 74) - 0",[] - ,"[(89, 178), (129, 182), (240, 115), (144, 141), (123, 113), (95, 132)] - 100110",B
,1001100,"(89, 178) - 1",[] - ,"[(129, 182), (240, 115), (144, 141), (123, 113), (95, 132), (8, 74)] - 001100",I
,1001100,"(89, 178) - 1","[(129, 182), (240, 115)] - 00","[(144, 141), (123, 113), (95, 132), (8, 74)] - 1100",I
,1001100,"(89, 178) - 1","[(129, 182), (240, 115), (144, 141), (123, 113)] - 0011","[(95, 132), (8, 74)] - 00",I
,1001100,"(129, 182) - 0","[(89, 178)] - 1","[(240, 115), (144, 141), (123, 113), (95, 132), (8, 74)] - 01100",I
,1001100,"(129, 182) - 0","[(240, 115)] - 0","[(89, 178), (144, 141), (123, 113), (95, 132), (8, 74)] - 11100",I
,1001100,"(129, 182) - 0","[(240, 115), (144, 141), (123, 113)] - 011","[(89, 178), (95, 132), (8, 74)] - 100",I
,1001100,"(240, 115) - 0","[(89, 178), (129, 182), (144, 141), (123, 113), (95, 132)] - 10110","[(8, 74)] - 0",I
,1001100,"(240, 115) - 0","[(89, 178), (129, 182), (144, 141)] - 101","[(123, 113), (95, 132), (8, 74)] - 100",I
,1001100,"(123, 113) - 1","[(89, 178), (129, 182), (240, 115), (144, 141)] - 1001","[(95, 132), (8, 74)] - 00",I
,1001100,"(95, 132) - 0","[(89, 178), (129, 182), (240, 115), (144, 141), (123, 113)] - 10011","[(8, 74)] - 0",I
,1010001,"(89, 178) - 1","[(129, 182)] - 0","[(240, 115), (144, 141), (123, 113), (95, 132), (8, 74)] - 10001",B
,1010001,"(89, 178) - 1","[(129, 182), (240, 115), (144, 141)] - 010","[(123, 113), (95, 132), (8, 74)] - 001",B
,1010001,"(129, 182) - 0",[] - ,"[(89, 178), (240, 115), (144, 141), (123, 113), (95, 132), (8, 74)] - 110001",B
,1010001,"(129, 182) - 0","[(240, 115), (144, 141)] - 10","[(89, 178), (123, 113), (95, 132), (8, 74)] - 1001",B
,1010001,"(240, 115) - 1","[(89, 178), (129, 182), (144, 141)] - 100","[(123, 113), (95, 132), (8, 74)] - 001",B
,1010001,"(123, 113) - 0","[(89, 178), (129, 182), (240, 115), (144, 141)] - 1010","[(95, 132), (8, 74)] - 01",B
,1010001,"(89, 178) - 1",[] - ,"[(129, 182), (240, 115), (144, 141), (123, 113), (95, 132), (8, 74)] - 010001",I
,1010001,"(89, 178) - 1","[(8, 74)] - 1","[(129, 182), (240, 115), (144, 141), (123, 113), (95, 132)] - 01000",I
,1010001,"(89, 178) - 1","[(129, 182), (240, 115)] - 01","[(144, 141), (123, 113), (95, 132), (8, 74)] - 0001",I
,1010001,"(89, 178) - 1","[(129, 182), (240, 115), (144, 141), (123, 113)] - 0100","[(95, 132), (8, 74)] - 01",I
,1010001,"(129, 182) - 0","[(89, 178)] - 1","[(240, 115), (144, 141), (123, 113), (95, 132), (8, 74)] - 10001",I
,1010001,"(129, 182) - 0","[(240, 115)] - 1","[(89, 178), (144, 141), (123, 113), (95, 132), (8, 74)] - 10001",I
,1010001,"(129, 182) - 0","[(89, 178), (8, 74)] - 11","[(240, 115), (144, 141), (123, 113), (95, 132)] - 1000",I
,1010001,"(129, 182) - 0","[(240, 115), (144, 141), (123, 113)] - 100","[(89, 178), (95, 132), (8, 74)] - 101",I
,1010001,"(240, 115) - 1",[] - ,"[(89, 178), (129, 182), (144, 141), (123, 113), (95, 132), (8, 74)] - 100001",I
,1010001,"(240, 115) - 1","[(89, 178), (129, 182), (144, 141), (123, 113), (95, 132)] - 10000","[(8, 74)] - 1",I
,1010001,"(240, 115) - 1","[(89, 178), (129, 182)] - 10","[(144, 141), (123, 113), (95, 132), (8, 74)] - 0001",I
,1010001,"(240, 115) - 1","[(89, 178), (129, 182), (144, 141), (95, 132)] - 1000","[(123, 113), (8, 74)] - 01",I
,1010001,"(144, 141) - 0","[(89, 178), (129, 182), (240, 115)] - 101","[(123, 113), (95, 132), (8, 74)] - 001",I
,1010001,"(123, 113) - 0","[(89, 178), (129, 182), (240, 115), (144, 141), (95, 132)] - 10100","[(8, 74)] - 1",I
,1010001,"(95, 132) - 0","[(89, 178), (129, 182), (240, 115), (144, 141), (123, 113)] - 10100","[(8, 74)] - 1",I
,1010001,"(8, 74) - 1",[] - ,"[(89, 178), (129, 182), (240, 115), (144, 141), (123, 113), (95, 132)] - 101000",I
,1010010,"(89, 178) - 1","[(129, 182)] - 0","[(240, 115), (144, 141), (123, 113), (95, 132), (8, 74)] - 10010",B
,1010010,"(89, 178) - 1","[(8, 74)] - 0","[(129, 182), (240, 115), (144, 141), (123, 113), (95, 132)] - 01001",B
,1010010,"(89, 178) - 1","[(129, 182), (240, 115), (144, 141)] - 010","[(123, 113), (95, 132), (8, 74)] - 010",B
,1010010,"(129, 182) - 0",[] - ,"[(89, 178), (240, 115), (144, 141), (123, 113), (95, 132), (8, 74)] - 110010",B
,1010010,"(129, 182) - 0","[(89, 178), (8, 74)] - 10","[(240, 115), (144, 141), (123, 113), (95, 132)] - 1001",B
,1010010,"(129, 182) - 0","[(240, 115), (144, 141)] - 10","[(89, 178), (123, 113), (95, 132), (8, 74)] - 1010",B
,1010010,"(240, 115) - 1","[(89, 178), (129, 182), (144, 141), (123, 113), (95, 132)] - 10001","[(8, 74)] - 0",B
,1010010,"(240, 115) - 1","[(89, 178), (129, 182), (144, 141)] - 100","[(123, 113), (95, 132), (8, 74)] - 010",B
,1010010,"(123, 113) - 0","[(89, 178), (129, 182), (240, 115), (144, 141)] - 1010","[(95, 132), (8, 74)] - 10",B
,1010010,"(95, 132) - 1","[(89, 178), (129, 182), (240, 115), (144, 141), (123, 113)] - 10100","[(8, 74)] - 0",B
,1010010,"(8, 74) - 0",[] - ,"[(89, 178), (129, 182), (240, 115), (144, 141), (123, 113), (95, 132)] - 101001",B
,1010010,"(89, 178) - 1",[] - ,"[(129, 182), (240, 115), (144, 141), (123, 113), (95, 132), (8, 74)] - 010010",I
,1010010,"(89, 178) - 1","[(129, 182), (240, 115)] - 01","[(144, 141), (123, 113), (95, 132), (8, 74)] - 0010",I
,1010010,"(89, 178) - 1","[(129, 182), (240, 115), (144, 141), (123, 113)] - 0100","[(95, 132), (8, 74)] - 10",I
,1010010,"(129, 182) - 0","[(89, 178)] - 1","[(240, 115), (144, 141), (123, 113), (95, 132), (8, 74)] - 10010",I
,1010010,"(129, 182) - 0","[(240, 115)] - 1","[(89, 178), (144, 141), (123, 113), (95, 132), (8, 74)] - 10010",I
,1010010,"(129, 182) - 0","[(240, 115), (144, 141), (123, 113)] - 100","[(89, 178), (95, 132), (8, 74)] - 110",I
,1010010,"(240, 115) - 1",[] - ,"[(89, 178), (129, 182), (144, 141), (123, 113), (95, 132), (8, 74)] - 100010",I
,1010010,"(240, 115) - 1","[(89, 178), (129, 182)] - 10","[(144, 141), (123, 113), (95, 132), (8, 74)] - 0010",I
,1010010,"(240, 115) - 1","[(89, 178), (129, 182), (144, 141), (95, 132)] - 1001","[(123, 113), (8, 74)] - 00",I
,1010010,"(144, 141) - 0","[(89, 178), (129, 182), (240, 115)] - 101","[(123, 113), (95, 132), (8, 74)] - 010",I
,1010010,"(123, 113) - 0","[(89, 178), (129, 182), (240, 115), (144, 141), (95, 132)] - 10101","[(8, 74)] - 0",I
,1010100,"(89, 178) - 1","[(129, 182)] - 0","[(240, 115), (144, 141), (123, 113), (95, 132), (8, 74)] - 10100",B
,1010100,"(89, 178) - 1","[(8, 74)] - 0","[(129, 182), (240, 115), (144, 141), (123, 113), (95, 132)] - 01010",B
,1010100,"(89, 178) - 1","[(129, 182), (240, 115), (144, 141)] - 010","[(123, 113), (95, 132), (8, 74)] - 100",B
,1010100,"(129, 182) - 0",[] - ,"[(89, 178), (240, 115), (144, 141), (123, 113), (95, 132), (8, 74)] - 110100",B
,1010100,"(129, 182) - 0","[(89, 178), (8, 74)] - 10","[(240, 115), (144, 141), (123, 113), (95, 132)] - 1010",B
,1010100,"(129, 182) - 0","[(240, 115), (144, 141)] - 10","[(89, 178), (123, 113), (95, 132), (8, 74)] - 1100",B
,1010100,"(240, 115) - 1","[(89, 178), (129, 182), (144, 141), (123, 113), (95, 132)] - 10010","[(8, 74)] - 0",B
,1010100,"(240, 115) - 1","[(89, 178), (129, 182), (144, 141)] - 100","[(123, 113), (95, 132), (8, 74)] - 100",B
,1010100,"(123, 113) - 1","[(89, 178), (129, 182), (240, 115), (144, 141), (95, 132)] - 10100","[(8, 74)] - 0",B
,1010100,"(8, 74) - 0",[] - ,"[(89, 178), (129, 182), (240, 115), (144, 141), (123, 113), (95, 132)] - 101010",B
"(8, 74)",1010100,"(89, 178) - 1",[] - ,"[(129, 182), (240, 115), (144, 141), (123, 113), (95, 132), (8, 74)] - 010100",I
,1010100,"(89, 178) - 1","[(129, 182), (240, 115)] - 01","[(144, 141), (123, 113), (95, 132), (8, 74)] - 0100",I
,1010100,"(89, 178) - 1","[(129, 182), (240, 115), (144, 141), (123, 113)] - 0101","[(95, 132), (8, 74)] - 00",I
,1010100,"(129, 182) - 0","[(89, 178)] - 1","[(240, 115), (144, 141), (123, 113), (95, 132), (8, 74)] - 10100",I
,1010100,"(129, 182) - 0","[(240, 115)] - 1","[(89, 178), (144, 141), (123, 113), (95, 132), (8, 74)] - 10100",I
,1010100,"(129, 182) - 0","[(240, 115), (144, 141), (123, 113)] - 101","[(89, 178), (95, 132), (8, 74)] - 100",I
,1010100,"(240, 115) - 1",[] - ,"[(89, 178), (129, 182), (144, 141), (123, 113), (95, 132), (8, 74)] - 100100",I
,1010100,"(240, 115) - 1","[(89, 178), (129, 182)] - 10","[(144, 141), (123, 113), (95, 132), (8, 74)] - 0100",I
,1010100,"(240, 115) - 1","[(89, 178), (129, 182), (144, 141), (95, 132)] - 1000","[(123, 113), (8, 74)] - 10",I
,1010100,"(144, 141) - 0","[(89, 178), (129, 182), (240, 115)] - 101","[(123, 113), (95, 132), (8, 74)] - 100",I
,1010100,"(123, 113) - 1","[(89, 178), (129, 182), (240, 115), (144, 141)] - 1010","[(95, 132), (8, 74)] - 00",I
,1010100,"(95, 132) - 0","[(89, 178), (129, 182), (240, 115), (144, 141), (123, 113)] - 10101","[(8, 74)] - 0",I
,1011000,"(89, 178) - 1","[(129, 182)] - 0","[(240, 115), (144, 141), (123, 113), (95, 132), (8, 74)] - 11000",B
,1011000,"(89, 178) - 1","[(8, 74)] - 0","[(129, 182), (240, 115), (144, 141), (123, 113), (95, 132)] - 01100",B
,1011000,"(129, 182) - 0",[] - ,"[(89, 178), (240, 115), (144, 141), (123, 113), (95, 132), (8, 74)] - 111000",B
,1011000,"(129, 182) - 0","[(89, 178), (8, 74)] - 10","[(240, 115), (144, 141), (123, 113), (95, 132)] - 1100",B
,1011000,"(240, 115) - 1","[(89, 178), (129, 182), (144, 141), (123, 113), (95, 132)] - 10100","[(8, 74)] - 0",B
,1011000,"(8, 74) - 0",[] - ,"[(89, 178), (129, 182), (240, 115), (144, 141), (123, 113), (95, 132)] - 101100",B
"(95, 132)",1011000,"(89, 178) - 1",[] - ,"[(129, 182), (240, 115), (144, 141), (123, 113), (95, 132), (8, 74)] - 011000",I
,1011000,"(89, 178) - 1","[(129, 182), (240, 115)] - 01","[(144, 141), (123, 113), (95, 132), (8, 74)] - 1000",I
,1011000,"(89, 178) - 1","[(129, 182), (240, 115), (144, 141), (123, 113)] - 0110","[(95, 132), (8, 74)] - 00",I
,1011000,"(89, 178) - 1","[(129, 182), (240, 115), (144, 141)] - 011","[(123, 113), (95, 132), (8, 74)] - 000",I
,1011000,"(129, 182) - 0","[(89, 178)] - 1","[(240, 115), (144, 141), (123, 113), (95, 132), (8, 74)] - 11000",I
,1011000,"(129, 182) - 0","[(240, 115)] - 1","[(89, 178), (144, 141), (123, 113), (95, 132), (8, 74)] - 11000",I
,1011000,"(129, 182) - 0","[(240, 115), (144, 141)] - 11","[(89, 178), (123, 113), (95, 132), (8, 74)] - 1000",I
,1011000,"(129, 182) - 0","[(240, 115), (144, 141), (123, 113)] - 110","[(89, 178), (95, 132), (8, 74)] - 100",I
,1011000,"(240, 115) - 1",[] - ,"[(89, 178), (129, 182), (144, 141), (123, 113), (95, 132), (8, 74)] - 101000",I
,1011000,"(240, 115) - 1","[(89, 178), (129, 182)] - 10","[(144, 141), (123, 113), (95, 132), (8, 74)] - 1000",I
,1011000,"(240, 115) - 1","[(89, 178), (129, 182), (144, 141), (95, 132)] - 1010","[(123, 113), (8, 74)] - 00",I
,1011000,"(240, 115) - 1","[(89, 178), (129, 182), (144, 141)] - 101","[(123, 113), (95, 132), (8, 74)] - 000",I
,1011000,"(144, 141) - 1","[(89, 178), (129, 182), (240, 115)] - 101","[(123, 113), (95, 132), (8, 74)] - 000",I
,1011000,"(123, 113) - 0","[(89, 178), (129, 182), (240, 115), (144, 141), (95, 132)] - 10110","[(8, 74)] - 0",I
,1011000,"(123, 113) - 0","[(89, 178), (129, 182), (240, 115), (144, 141)] - 1011","[(95, 132), (8, 74)] - 00",I
,1011000,"(95, 132) - 0","[(89, 178), (129, 182), (240, 115), (144, 141), (123, 113)] - 10110","[(8, 74)] - 0",I
,1100001,"(89, 178) - 1","[(129, 182), (240, 115), (144, 141)] - 100","[(123, 113), (95, 132), (8, 74)] - 001",B
,1100001,"(129, 182) - 1","[(240, 115)] - 0","[(89, 178), (144, 141), (123, 113), (95, 132), (8, 74)] - 10001",B
,1100001,"(240, 115) - 0",[] - ,"[(89, 178), (129, 182), (144, 141), (123, 113), (95, 132), (8, 74)] - 110001",B
,1100001,"(240, 115) - 0","[(89, 178), (129, 182), (144, 141), (95, 132)] - 1100","[(123, 113), (8, 74)] - 01",B
,1100001,"(123, 113) - 0","[(89, 178), (129, 182), (240, 115), (144, 141)] - 1100","[(95, 132), (8, 74)] - 01",B
"(123, 113)",1100001,"(89, 178) - 1",[] - ,"[(129, 182), (240, 115), (144, 141), (123, 113), (95, 132), (8, 74)] - 100001",I
,1100001,"(89, 178) - 1","[(129, 182)] - 1","[(240, 115), (144, 141), (123, 113), (95, 132), (8, 74)] - 00001",I
,1100001,"(89, 178) - 1","[(8, 74)] - 1","[(129, 182), (240, 115), (144, 141), (123, 113), (95, 132)] - 10000",I
,1100001,"(89, 178) - 1","[(129, 182), (240, 115)] - 10","[(144, 141), (123, 113), (95, 132), (8, 74)] - 0001",I
,1100001,"(89, 178) - 1","[(129, 182), (240, 115), (144, 141), (123, 113)] - 1000","[(95, 132), (8, 74)] - 01",I
,1100001,"(129, 182) - 1",[] - ,"[(89, 178), (240, 115), (144, 141), (123, 113), (95, 132), (8, 74)] - 100001",I
,1100001,"(129, 182) - 1","[(89, 178)] - 1","[(240, 115), (144, 141), (123, 113), (95, 132), (8, 74)] - 00001",I
,1100001,"(129, 182) - 1","[(89, 178), (8, 74)] - 11","[(240, 115), (144, 141), (123, 113), (95, 132)] - 0000",I
,1100001,"(129, 182) - 1","[(240, 115), (144, 141)] - 00","[(89, 178), (123, 113), (95, 132), (8, 74)] - 1001",I
,1100001,"(129, 182) - 1","[(240, 115), (144, 141), (123, 113)] - 000","[(89, 178), (95, 132), (8, 74)] - 101",I
,1100001,"(240, 115) - 0","[(89, 178), (129, 182), (144, 141), (123, 113), (95, 132)] - 11000","[(8, 74)] - 1",I
,1100001,"(240, 115) - 0","[(89, 178), (129, 182)] - 11","[(144, 141), (123, 113), (95, 132), (8, 74)] - 0001",I
,1100001,"(240, 115) - 0","[(89, 178), (129, 182), (144, 141)] - 110","[(123, 113), (95, 132), (8, 74)] - 001",I
,1100001,"(144, 141) - 0","[(89, 178), (129, 182), (240, 115)] - 110","[(123, 113), (95, 132), (8, 74)] - 001",I
,1100001,"(123, 113) - 0","[(89, 178), (129, 182), (240, 115), (144, 141), (95, 132)] - 11000","[(8, 74)] - 1",I
,1100001,"(95, 132) - 0","[(89, 178), (129, 182), (240, 115), (144, 141), (123, 113)] - 11000","[(8, 74)] - 1",I
,1100001,"(8, 74) - 1",[] - ,"[(89, 178), (129, 182), (240, 115), (144, 141), (123, 113), (95, 132)] - 110000",I
,1100010,"(89, 178) - 1","[(8, 74)] - 0","[(129, 182), (240, 115), (144, 141), (123, 113), (95, 132)] - 10001",B
,1100010,"(89, 178) - 1","[(129, 182), (240, 115), (144, 141)] - 100","[(123, 113), (95, 132), (8, 74)] - 010",B
,1100010,"(129, 182) - 1","[(240, 115)] - 0","[(89, 178), (144, 141), (123, 113), (95, 132), (8, 74)] - 10010",B
,1100010,"(240, 115) - 0",[] - ,"[(89, 178), (129, 182), (144, 141), (123, 113), (95, 132), (8, 74)] - 110010",B
,1100010,"(123, 113) - 0","[(89, 178), (129, 182), (240, 115), (144, 141)] - 1100","[(95, 132), (8, 74)] - 10",B
,1100010,"(95, 132) - 1","[(89, 178), (129, 182), (240, 115), (144, 141), (123, 113)] - 11000","[(8, 74)] - 0",B
,1100010,"(8, 74) - 0",[] - ,"[(89, 178), (129, 182), (240, 115), (144, 141), (123, 113), (95, 132)] - 110001",B
"(144, 141)",1100010,"(89, 178) - 1",[] - ,"[(129, 182), (240, 115), (144, 141), (123, 113), (95, 132), (8, 74)] - 100010",I
,1100010,"(89, 178) - 1","[(129, 182)] - 1","[(240, 115), (144, 141), (123, 113), (95, 132), (8, 74)] - 00010",I
,1100010,"(89, 178) - 1","[(129, 182), (240, 115)] - 10","[(144, 141), (123, 113), (95, 132), (8, 74)] - 0010",I
,1100010,"(89, 178) - 1","[(129, 182), (240, 115), (144, 141), (123, 113)] - 1000","[(95, 132), (8, 74)] - 10",I
,1100010,"(129, 182) - 1",[] - ,"[(89, 178), (240, 115), (144, 141), (123, 113), (95, 132), (8, 74)] - 100010",I
,1100010,"(129, 182) - 1","[(89, 178)] - 1","[(240, 115), (144, 141), (123, 113), (95, 132), (8, 74)] - 00010",I
,1100010,"(129, 182) - 1","[(89, 178), (8, 74)] - 10","[(240, 115), (144, 141), (123, 113), (95, 132)] - 0001",I
,1100010,"(129, 182) - 1","[(240, 115), (144, 141)] - 00","[(89, 178), (123, 113), (95, 132), (8, 74)] - 1010",I
,1100010,"(129, 182) - 1","[(240, 115), (144, 141), (123, 113)] - 000","[(89, 178), (95, 132), (8, 74)] - 110",I
,1100010,"(240, 115) - 0","[(89, 178), (129, 182), (144, 141), (123, 113), (95, 132)] - 11001","[(8, 74)] - 0",I
,1100010,"(240, 115) - 0","[(89, 178), (129, 182)] - 11","[(144, 141), (123, 113), (95, 132), (8, 74)] - 0010",I
,1100010,"(240, 115) - 0","[(89, 178), (129, 182), (144, 141), (95, 132)] - 1101","[(123, 113), (8, 74)] - 00",I
,1100010,"(240, 115) - 0","[(89, 178), (129, 182), (144, 141)] - 110","[(123, 113), (95, 132), (8, 74)] - 010",I
,1100010,"(144, 141) - 0","[(89, 178), (129, 182), (240, 115)] - 110","[(123, 113), (95, 132), (8, 74)] - 010",I
,1100010,"(123, 113) - 0","[(89, 178), (129, 182), (240, 115), (144, 141), (95, 132)] - 11001","[(8, 74)] - 0",I
,1100100,"(89, 178) - 1","[(8, 74)] - 0","[(129, 182), (240, 115), (144, 141), (123, 113), (95, 132)] - 10010",B
,1100100,"(89, 178) - 1","[(129, 182), (240, 115), (144, 141)] - 100","[(123, 113), (95, 132), (8, 74)] - 100",B
,1100100,"(129, 182) - 1","[(240, 115)] - 0","[(89, 178), (144, 141), (123, 113), (95, 132), (8, 74)] - 10100",B
,1100100,"(129, 182) - 1","[(240, 115), (144, 141), (123, 113)] - 001","[(89, 178), (95, 132), (8, 74)] - 100",B
,1100100,"(240, 115) - 0",[] - ,"[(89, 178), (129, 182), (144, 141), (123, 113), (95, 132), (8, 74)] - 110100",B
,1100100,"(240, 115) - 0","[(89, 178), (129, 182), (144, 141), (95, 132)] - 1100","[(123, 113), (8, 74)] - 10",B
,1100100,"(123, 113) - 1","[(89, 178), (129, 182), (240, 115), (144, 141), (95, 132)] - 11000","[(8, 74)] - 0",B
,1100100,"(8, 74) - 0",[] - ,"[(89, 178), (129, 182), (240, 115), (144, 141), (123, 113), (95, 132)] - 110010",B
"(240, 115)",1100100,"(89, 178) - 1",[] - ,"[(129, 182), (240, 115), (144, 141), (123, 113), (95, 132), (8, 74)] - 100100",I
,1100100,"(89, 178) - 1","[(129, 182)] - 1","[(240, 115), (144, 141), (123, 113), (95, 132), (8, 74)] - 00100",I
,1100100,"(89, 178) - 1","[(129, 182), (240, 115)] - 10","[(144, 141), (123, 113), (95, 132), (8, 74)] - 0100",I
,1100100,"(89, 178) - 1","[(129, 182), (240, 115), (144, 141), (123, 113)] - 1001","[(95, 132), (8, 74)] - 00",I
,1100100,"(129, 182) - 1",[] - ,"[(89, 178), (240, 115), (144, 141), (123, 113), (95, 132), (8, 74)] - 100100",I
,1100100,"(129, 182) - 1","[(89, 178)] - 1","[(240, 115), (144, 141), (123, 113), (95, 132), (8, 74)] - 00100",I
,1100100,"(129, 182) - 1","[(89, 178), (8, 74)] - 10","[(240, 115), (144, 141), (123, 113), (95, 132)] - 0010",I
,1100100,"(129, 182) - 1","[(240, 115), (144, 141)] - 00","[(89, 178), (123, 113), (95, 132), (8, 74)] - 1100",I
,1100100,"(240, 115) - 0","[(89, 178), (129, 182), (144, 141), (123, 113), (95, 132)] - 11010","[(8, 74)] - 0",I
,1100100,"(240, 115) - 0","[(89, 178), (129, 182)] - 11","[(144, 141), (123, 113), (95, 132), (8, 74)] - 0100",I
,1100100,"(240, 115) - 0","[(89, 178), (129, 182), (144, 141)] - 110","[(123, 113), (95, 132), (8, 74)] - 100",I
,1100100,"(144, 141) - 0","[(89, 178), (129, 182), (240, 115)] - 110","[(123, 113), (95, 132), (8, 74)] - 100",I
,1100100,"(123, 113) - 1","[(89, 178), (129, 182), (240, 115), (144, 141)] - 1100","[(95, 132), (8, 74)] - 00",I
,1100100,"(95, 132) - 0","[(89, 178), (129, 182), (240, 115), (144, 141), (123, 113)] - 11001","[(8, 74)] - 0",I
,1101000,"(89, 178) - 1","[(8, 74)] - 0","[(129, 182), (240, 115), (144, 141), (123, 113), (95, 132)] - 10100",B
,1101000,"(129, 182) - 1","[(240, 115)] - 0","[(89, 178), (144, 141), (123, 113), (95, 132), (8, 74)] - 11000",B
,1101000,"(129, 182) - 1","[(240, 115), (144, 141), (123, 113)] - 010","[(89, 178), (95, 132), (8, 74)] - 100",B
,1101000,"(240, 115) - 0",[] - ,"[(89, 178), (129, 182), (144, 141), (123, 113), (95, 132), (8, 74)] - 111000",B
,1101000,"(8, 74) - 0",[] - ,"[(89, 178), (129, 182), (240, 115), (144, 141), (123, 113), (95, 132)] - 110100",B
"(129, 182)",1101000,"(89, 178) - 1",[] - ,"[(129, 182), (240, 115), (144, 141), (123, 113), (95, 132), (8, 74)] - 101000",I
,1101000,"(89, 178) - 1","[(129, 182)] - 1","[(240, 115), (144, 141), (123, 113), (95, 132), (8, 74)] - 01000",I
,1101000,"(89, 178) - 1","[(129, 182), (240, 115)] - 10","[(144, 141), (123, 113), (95, 132), (8, 74)] - 1000",I
,1101000,"(89, 178) - 1","[(129, 182), (240, 115), (144, 141), (123, 113)] - 1010","[(95, 132), (8, 74)] - 00",I
,1101000,"(89, 178) - 1","[(129, 182), (240, 115), (144, 141)] - 101","[(123, 113), (95, 132), (8, 74)] - 000",I
,1101000,"(129, 182) - 1",[] - ,"[(89, 178), (240, 115), (144, 141), (123, 113), (95, 132), (8, 74)] - 101000",I
,1101000,"(129, 182) - 1","[(89, 178)] - 1","[(240, 115), (144, 141), (123, 113), (95, 132), (8, 74)] - 01000",I
,1101000,"(129, 182) - 1","[(89, 178), (8, 74)] - 10","[(240, 115), (144, 141), (123, 113), (95, 132)] - 0100",I
,1101000,"(129, 182) - 1","[(240, 115), (144, 141)] - 01","[(89, 178), (123, 113), (95, 132), (8, 74)] - 1000",I
,1101000,"(240, 115) - 0","[(89, 178), (129, 182), (144, 141), (123, 113), (95, 132)] - 11100","[(8, 74)] - 0",I
,1101000,"(240, 115) - 0","[(89, 178), (129, 182)] - 11","[(144, 141), (123, 113), (95, 132), (8, 74)] - 1000",I
,1101000,"(240, 115) - 0","[(89, 178), (129, 182), (144, 141), (95, 132)] - 1110","[(123, 113), (8, 74)] - 00",I
,1101000,"(240, 115) - 0","[(89, 178), (129, 182), (144, 141)] - 111","[(123, 113), (95, 132), (8, 74)] - 000",I
,1101000,"(144, 141) - 1","[(89, 178), (129, 182), (240, 115)] - 110","[(123, 113), (95, 132), (8, 74)] - 000",I
,1101000,"(123, 113) - 0","[(89, 178), (129, 182), (240, 115), (144, 141), (95, 132)] - 11010","[(8, 74)] - 0",I
,1101000,"(123, 113) - 0","[(89, 178), (129, 182), (240, 115), (144, 141)] - 1101","[(95, 132), (8, 74)] - 00",I
,1101000,"(95, 132) - 0","[(89, 178), (129, 182), (240, 115), (144, 141), (123, 113)] - 11010","[(8, 74)] - 0",I
,1110000,"(89, 178) - 1","[(8, 74)] - 0","[(129, 182), (240, 115), (144, 141), (123, 113), (95, 132)] - 11000",B
,1110000,"(129, 182) - 1","[(240, 115), (144, 141), (123, 113)] - 100","[(89, 178), (95, 132), (8, 74)] - 100",B
,1110000,"(240, 115) - 1","[(89, 178), (129, 182), (144, 141), (123, 113), (95, 132)] - 11000","[(8, 74)] - 0",B
,1110000,"(8, 74) - 0",[] - ,"[(89, 178), (129, 182), (240, 115), (144, 141), (123, 113), (95, 132)] - 111000",B
"(89, 178)",1110000,"(89, 178) - 1",[] - ,"[(129, 182), (240, 115), (144, 141), (123, 113), (95, 132), (8, 74)] - 110000",I
,1110000,"(89, 178) - 1","[(129, 182)] - 1","[(240, 115), (144, 141), (123, 113), (95, 132), (8, 74)] - 10000",I
,1110000,"(89, 178) - 1","[(129, 182), (240, 115)] - 11","[(144, 141), (123, 113), (95, 132), (8, 74)] - 0000",I
,1110000,"(89, 178) - 1","[(129, 182), (240, 115), (144, 141), (123, 113)] - 1100","[(95, 132), (8, 74)] - 00",I
,1110000,"(89, 178) - 1","[(129, 182), (240, 115), (144, 141)] - 110","[(123, 113), (95, 132), (8, 74)] - 000",I
,1110000,"(129, 182) - 1",[] - ,"[(89, 178), (240, 115), (144, 141), (123, 113), (95, 132), (8, 74)] - 110000",I
,1110000,"(129, 182) - 1","[(89, 178)] - 1","[(240, 115), (144, 141), (123, 113), (95, 132), (8, 74)] - 10000",I
,1110000,"(129, 182) - 1","[(240, 115)] - 1","[(89, 178), (144, 141), (123, 113), (95, 132), (8, 74)] - 10000",I
,1110000,"(129, 182) - 1","[(89, 178), (8, 74)] - 10","[(240, 115), (144, 141), (123, 113), (95, 132)] - 1000",I
,1110000,"(129, 182) - 1","[(240, 115), (144, 141)] - 10","[(89, 178), (123, 113), (95, 132), (8, 74)] - 1000",I
,1110000,"(240, 115) - 1",[] - ,"[(89, 178), (129, 182), (144, 141), (123, 113), (95, 132), (8, 74)] - 110000",I
,1110000,"(240, 115) - 1","[(89, 178), (129, 182)] - 11","[(144, 141), (123, 113), (95, 132), (8, 74)] - 0000",I
,1110000,"(240, 115) - 1","[(89, 178), (129, 182), (144, 141), (95, 132)] - 1100","[(123, 113), (8, 74)] - 00",I
,1110000,"(240, 115) - 1","[(89, 178), (129, 182), (144, 141)] - 110","[(123, 113), (95, 132), (8, 74)] - 000",I
,1110000,"(144, 141) - 0","[(89, 178), (129, 182), (240, 115)] - 111","[(123, 113), (95, 132), (8, 74)] - 000",I
,1110000,"(123, 113) - 0","[(89, 178), (129, 182), (240, 115), (144, 141), (95, 132)] - 11100","[(8, 74)] - 0",I
,1110000,"(123, 113) - 0","[(89, 178), (129, 182), (240, 115), (144, 141)] - 1110","[(95, 132), (8, 74)] - 00",I
,1110000,"(95, 132) - 0","[(89, 178), (129, 182), (240, 115), (144, 141), (123, 113)] - 11100","[(8, 74)] - 0",I
